0 0.454849 0.974916 0.013378 0.010033
0 0.347826 0.961538 0.046823 0.050167
0 0.242475 0.911371 0.023411 0.050167
0 0.565217 0.872910 0.020067 0.033445
0 0.155518 0.872910 0.030100 0.053512
0 0.496656 0.812709 0.023411 0.046823
0 0.115385 0.777592 0.016722 0.023411
0 0.247492 0.750836 0.006689 0.003344
0 0.812709 0.757525 0.093645 0.083612
0 0.307692 0.774247 0.160535 0.170569
0 0.623746 0.827759 0.270903 0.304348
0 0.724080 0.672241 0.023411 0.013378
0 0.745819 0.628763 0.006689 0.006689
0 0.558528 0.478261 0.006689 0.020067
0 0.321070 0.424749 0.421405 0.602007
0 0.692308 0.396321 0.274247 0.591973
0 0.730769 0.036789 0.023411 0.020067