0 0.326087 0.640468 0.003344 0.010033
0 0.735786 0.632107 0.046823 0.046823
0 0.739130 0.553512 0.066890 0.070234
0 0.675585 0.515050 0.046823 0.033445
0 0.730769 0.489967 0.010033 0.003344
0 0.700669 0.418060 0.090301 0.133779
0 0.561873 0.344482 0.006689 0.006689
0 0.697324 0.341137 0.016722 0.013378
0 0.369565 0.483278 0.117057 0.317726
0 0.615385 0.326087 0.033445 0.036789
0 0.346154 0.292642 0.030100 0.016722
0 0.628763 0.270903 0.046823 0.033445
0 0.665552 0.245819 0.020067 0.016722
0 0.391304 0.217391 0.073579 0.053512