0 0.217391 0.923077 0.013378 0.033445
0 0.182274 0.914716 0.003344 0.016722
0 0.590301 0.811037 0.016722 0.010033
0 0.613712 0.782609 0.036789 0.020067
0 0.571906 0.764214 0.026756 0.056856
0 0.168896 0.737458 0.003344 0.010033
0 0.588629 0.722408 0.013378 0.013378
0 0.861204 0.550167 0.016722 0.070234
0 0.801003 0.473244 0.003344 0.003344
0 0.948161 0.468227 0.023411 0.113712
0 0.839465 0.372910 0.033445 0.110368
0 0.884615 0.284281 0.003344 0.006689
0 0.282609 0.556856 0.137124 0.565217
0 0.198997 0.255853 0.016722 0.016722
0 0.135452 0.232441 0.010033 0.036789
0 0.239130 0.197324 0.003344 0.013378
0 0.463211 0.324415 0.217391 0.387960
0 0.172241 0.163880 0.070234 0.107023
0 0.698997 0.280936 0.227425 0.361204