0 0.724080 0.966555 0.023411 0.033445
0 0.515050 0.959866 0.020067 0.026756
0 0.657191 0.896321 0.016722 0.013378
0 0.414716 0.709030 0.093645 0.073579
0 0.576923 0.642140 0.070234 0.140468
0 0.785953 0.287625 0.006689 0.013378
0 0.242475 0.265886 0.016722 0.016722
0 0.254181 0.242475 0.013378 0.023411
0 0.150502 0.197324 0.006689 0.006689
0 0.162207 0.188963 0.003344 0.003344
0 0.274247 0.170569 0.006689 0.013378
0 0.210702 0.165552 0.046823 0.043478
0 0.314381 0.453177 0.361204 0.638796
0 0.734114 0.466555 0.264214 0.752508