0 0.167224 0.809365 0.046823 0.180602
0 0.185619 0.640468 0.090301 0.083612
0 0.341137 0.555184 0.020067 0.013378
0 0.267559 0.568562 0.080268 0.060201
0 0.173913 0.541806 0.020067 0.026756
0 0.252508 0.501672 0.103679 0.073579
0 0.280936 0.411371 0.093645 0.046823
0 0.175585 0.364548 0.023411 0.020067
0 0.719064 0.346154 0.040134 0.023411
0 0.235786 0.341137 0.023411 0.020067
0 0.309365 0.322742 0.003344 0.003344
0 0.372910 0.322742 0.090301 0.036789
0 0.887960 0.307692 0.023411 0.033445
0 0.769231 0.295987 0.086957 0.043478
0 0.687291 0.272575 0.036789 0.030100
0 0.401338 0.254181 0.033445 0.013378
0 0.349498 0.255853 0.056856 0.016722
0 0.367893 0.197324 0.006689 0.013378
0 0.247492 0.260870 0.187291 0.167224
0 0.755853 0.209030 0.180602 0.110368
0 0.282609 0.150502 0.010033 0.013378
0 0.707358 0.130435 0.117057 0.060201