0 0.162207 0.568562 0.003344 0.006689
0 0.158863 0.556856 0.003344 0.003344
0 0.118729 0.568562 0.103679 0.120401
0 0.076923 0.433110 0.026756 0.023411
0 0.628763 0.349498 0.013378 0.030100
0 0.270903 0.225753 0.026756 0.016722
0 0.142140 0.367893 0.177258 0.301003
0 0.414716 0.511706 0.267559 0.595318
0 0.262542 0.140468 0.016722 0.020067
0 0.227425 0.168896 0.046823 0.083612
0 0.792642 0.133779 0.013378 0.020067
0 0.762542 0.381271 0.367893 0.575251
0 0.193980 0.076923 0.020067 0.020067
0 0.219064 0.056856 0.023411 0.026756