0 0.807692 0.590301 0.023411 0.030100
0 0.762542 0.556856 0.006689 0.003344
0 0.172241 0.603679 0.036789 0.157191
0 0.185619 0.406355 0.016722 0.023411
0 0.747492 0.394649 0.003344 0.006689
0 0.198997 0.392977 0.010033 0.003344
0 0.774247 0.377926 0.023411 0.026756
0 0.724080 0.458194 0.230769 0.234114
0 0.653846 0.316054 0.016722 0.016722
0 0.342809 0.428094 0.204013 0.354515
0 0.687291 0.250836 0.123746 0.066890
0 0.316054 0.247492 0.204013 0.153846
0 0.605351 0.177258 0.060201 0.026756
0 0.705686 0.016722 0.013378 0.006689
0 0.658863 0.045151 0.073579 0.083612