0 0.102007 0.971572 0.010033 0.010033
0 0.117057 0.928094 0.033445 0.070234
0 0.575251 0.795987 0.006689 0.013378
0 0.464883 0.767559 0.013378 0.016722
0 0.585284 0.690635 0.073579 0.183946
0 0.573579 0.138796 0.003344 0.003344
0 0.295987 0.508361 0.391304 0.742475
0 0.456522 0.125418 0.016722 0.010033
0 0.734114 0.469900 0.344482 0.819398
0 0.239130 0.075251 0.023411 0.030100
0 0.249164 0.051839 0.003344 0.003344
0 0.255853 0.045151 0.003344 0.003344
0 0.244147 0.025084 0.006689 0.003344
0 0.302676 0.018395 0.016722 0.010033
0 0.269231 0.026756 0.030100 0.026756