0 0.735786 0.951505 0.073579 0.090301
0 0.469900 0.939799 0.036789 0.066890
0 0.617057 0.896321 0.217391 0.173913
0 0.583612 0.730769 0.010033 0.010033
0 0.593645 0.637124 0.030100 0.036789
0 0.583612 0.578595 0.010033 0.013378
0 0.590301 0.556856 0.016722 0.010033
0 0.593645 0.466555 0.023411 0.043478
0 0.588629 0.397993 0.026756 0.040134
0 0.207358 0.255853 0.033445 0.083612
0 0.299331 0.505017 0.351171 0.775920
0 0.724080 0.476589 0.351171 0.765886
0 0.237458 0.028428 0.006689 0.003344
0 0.267559 0.023411 0.040134 0.040134