0 0.593645 0.944816 0.023411 0.036789
0 0.175585 0.911371 0.016722 0.030100
0 0.610368 0.739130 0.056856 0.180602
0 0.598662 0.632107 0.006689 0.006689
0 0.033445 0.637124 0.013378 0.023411
0 0.056856 0.536789 0.053512 0.137124
0 0.232441 0.307692 0.010033 0.020067
0 0.055184 0.366221 0.070234 0.170569
0 0.162207 0.317726 0.110368 0.107023
0 0.255853 0.262542 0.010033 0.016722
0 0.744147 0.538462 0.297659 0.581940
0 0.612040 0.244147 0.020067 0.026756
0 0.707358 0.204013 0.030100 0.020067
0 0.336120 0.505017 0.304348 0.668896
0 0.642140 0.182274 0.167224 0.137124
0 0.790970 0.065217 0.103679 0.096990