0 0.177258 0.896321 0.013378 0.026756
0 0.921405 0.824415 0.010033 0.010033
0 0.918060 0.779264 0.036789 0.060201
0 0.897993 0.732441 0.010033 0.020067
0 0.901338 0.700669 0.003344 0.010033
0 0.901338 0.642140 0.030100 0.060201
0 0.090301 0.737458 0.133779 0.498328
0 0.904682 0.443144 0.130435 0.404682
0 0.198997 0.190635 0.083612 0.046823
0 0.076923 0.165552 0.033445 0.043478
0 0.324415 0.446488 0.327759 0.678930
0 0.913043 0.132107 0.040134 0.070234
0 0.724080 0.406355 0.290970 0.632107
0 0.852843 0.093645 0.013378 0.013378