0 0.877926 0.877926 0.003344 0.010033
0 0.872910 0.866221 0.006689 0.006689
0 0.095318 0.765886 0.090301 0.441472
0 0.078595 0.520067 0.050167 0.217391
0 0.078595 0.357860 0.016722 0.046823
0 0.123746 0.359532 0.033445 0.096990
0 0.344482 0.600334 0.287625 0.765886
0 0.153846 0.212375 0.013378 0.010033
0 0.352843 0.198997 0.023411 0.030100
0 0.705686 0.511706 0.327759 0.702341
0 0.556856 0.170569 0.016722 0.020067
0 0.697324 0.158863 0.003344 0.003344
0 0.596990 0.167224 0.016722 0.020067
0 0.610368 0.115385 0.003344 0.010033
0 0.618729 0.053512 0.033445 0.053512