0 0.919732 0.861204 0.006689 0.003344
0 0.220736 0.908027 0.026756 0.110368
0 0.877926 0.762542 0.003344 0.006689
0 0.874582 0.742475 0.010033 0.013378
0 0.185619 0.801003 0.063545 0.163880
0 0.749164 0.603679 0.020067 0.030100
0 0.928094 0.523411 0.050167 0.083612
0 0.934783 0.473244 0.003344 0.003344
0 0.934783 0.279264 0.023411 0.030100
0 0.252508 0.254181 0.003344 0.006689
0 0.317726 0.252508 0.033445 0.023411
0 0.339465 0.434783 0.337793 0.588629
0 0.536789 0.125418 0.010033 0.010033
0 0.729097 0.550167 0.361204 0.886288