0 0.138796 0.874582 0.130435 0.103679
0 0.854515 0.673913 0.030100 0.056856
0 0.896321 0.520067 0.013378 0.023411
0 0.879599 0.423077 0.026756 0.050167
0 0.775920 0.481605 0.167224 0.180602
0 0.700669 0.384615 0.003344 0.006689
0 0.700669 0.372910 0.003344 0.003344
0 0.837793 0.371237 0.050167 0.040134
0 0.673913 0.354515 0.010033 0.020067
0 0.705686 0.344482 0.020067 0.020067
0 0.837793 0.314381 0.003344 0.006689
0 0.794314 0.259197 0.090301 0.043478
0 0.709030 0.183946 0.113712 0.033445
0 0.418060 0.434783 0.227425 0.541806
0 0.744147 0.035117 0.010033 0.010033