0 0.209030 0.969900 0.016722 0.020067
0 0.707358 0.959866 0.010033 0.006689
0 0.844482 0.877926 0.023411 0.090301
0 0.809365 0.831104 0.006689 0.016722
0 0.063545 0.822742 0.020067 0.020067
0 0.123746 0.821070 0.013378 0.023411
0 0.113712 0.780936 0.006689 0.023411
0 0.807692 0.720736 0.016722 0.036789
0 0.725753 0.720736 0.040134 0.043478
0 0.127090 0.720736 0.026756 0.090301
0 0.794314 0.605351 0.003344 0.006689
0 0.964883 0.625418 0.010033 0.080268
0 0.918060 0.605351 0.023411 0.100334
0 0.966555 0.551839 0.013378 0.026756
0 0.683946 0.489967 0.010033 0.003344
0 0.593645 0.591973 0.157191 0.207358
0 0.540134 0.489967 0.003344 0.003344
0 0.923077 0.508361 0.020067 0.046823
0 0.080268 0.528428 0.066890 0.200669
0 0.951505 0.426421 0.003344 0.003344
0 0.941472 0.399666 0.010033 0.010033
0 0.545151 0.411371 0.020067 0.033445
0 0.137124 0.444816 0.033445 0.113712
0 0.933110 0.382943 0.006689 0.016722
0 0.550167 0.357860 0.016722 0.013378
0 0.088629 0.319398 0.117057 0.190635
0 0.755853 0.219064 0.026756 0.056856
0 0.183946 0.193980 0.013378 0.033445
0 0.150502 0.165552 0.006689 0.003344
0 0.510033 0.163880 0.010033 0.006689
0 0.769231 0.155518 0.006689 0.003344
0 0.744147 0.148829 0.036789 0.030100
0 0.668896 0.357860 0.254181 0.481605
0 0.747492 0.110368 0.010033 0.006689
0 0.576923 0.095318 0.003344 0.003344
0 0.304348 0.349498 0.334448 0.525084
0 0.702341 0.098662 0.046823 0.076923