0 0.797659 0.964883 0.023411 0.023411
0 0.755853 0.958194 0.033445 0.036789
0 0.607023 0.958194 0.036789 0.056856
0 0.707358 0.939799 0.070234 0.066890
0 0.602007 0.769231 0.040134 0.153846
0 0.603679 0.650502 0.030100 0.036789
0 0.187291 0.204013 0.080268 0.086957
0 0.588629 0.158863 0.026756 0.023411
0 0.739130 0.511706 0.334448 0.742475
0 0.590301 0.117057 0.016722 0.013378
0 0.663880 0.091973 0.016722 0.010033
0 0.332776 0.510033 0.337793 0.899666
0 0.717391 0.053512 0.070234 0.066890
0 0.301003 0.033445 0.040134 0.040134