0 0.518395 0.971572 0.013378 0.016722
0 0.842809 0.924749 0.006689 0.030100
0 0.525084 0.872910 0.013378 0.020067
0 0.546823 0.846154 0.016722 0.026756
0 0.558528 0.727425 0.040134 0.110368
0 0.481605 0.182274 0.013378 0.023411
0 0.588629 0.170569 0.013378 0.013378
0 0.229097 0.205686 0.070234 0.090301
0 0.714047 0.525084 0.277592 0.762542
0 0.280936 0.463211 0.367893 0.732441
0 0.466555 0.103679 0.036789 0.020067
0 0.413043 0.081940 0.030100 0.016722
0 0.374582 0.053512 0.006689 0.006689
0 0.665552 0.055184 0.093645 0.103679