0 0.841137 0.797659 0.036789 0.096990
0 0.856187 0.715719 0.020067 0.033445
0 0.819398 0.682274 0.020067 0.020067
0 0.871237 0.560201 0.056856 0.083612
0 0.851171 0.481605 0.010033 0.013378
0 0.173913 0.727425 0.100334 0.505017
0 0.857860 0.443144 0.003344 0.003344
0 0.172241 0.431438 0.016722 0.033445
0 0.857860 0.334448 0.023411 0.040134
0 0.764214 0.219064 0.003344 0.010033
0 0.366221 0.453177 0.237458 0.525084
0 0.274247 0.187291 0.006689 0.006689
0 0.662207 0.406355 0.247492 0.471572
0 0.264214 0.173913 0.006689 0.013378
0 0.284281 0.173913 0.020067 0.026756