0 0.200669 0.752508 0.046823 0.080268
0 0.404682 0.376254 0.013378 0.010033
0 0.392977 0.372910 0.003344 0.003344
0 0.372910 0.561873 0.183946 0.394649
0 0.295987 0.344482 0.036789 0.026756
0 0.322742 0.326087 0.003344 0.003344
0 0.321070 0.272575 0.006689 0.003344
0 0.583612 0.265886 0.003344 0.010033
0 0.354515 0.257525 0.026756 0.013378
0 0.622074 0.254181 0.020067 0.013378
0 0.719064 0.453177 0.240803 0.484950
0 0.576923 0.204013 0.010033 0.006689
0 0.386288 0.217391 0.070234 0.033445
0 0.625418 0.198997 0.053512 0.030100