0 0.859532 0.704013 0.153846 0.190635
0 0.297659 0.596990 0.053512 0.043478
0 0.797659 0.588629 0.070234 0.060201
0 0.341137 0.478261 0.026756 0.013378
0 0.720736 0.481605 0.096990 0.093645
0 0.834448 0.342809 0.003344 0.003344
0 0.277592 0.581940 0.341137 0.548495
0 0.247492 0.274247 0.013378 0.006689
0 0.730769 0.339465 0.204013 0.197324
0 0.331104 0.249164 0.020067 0.016722
0 0.285953 0.249164 0.070234 0.050167
0 0.690635 0.219064 0.117057 0.063545
0 0.367893 0.207358 0.100334 0.127090
0 0.640468 0.157191 0.130435 0.086957