0 0.936455 0.897993 0.086957 0.177258
0 0.795987 0.859532 0.053512 0.193980
0 0.824415 0.762542 0.010033 0.020067
0 0.946488 0.759197 0.026756 0.073579
0 0.876254 0.740803 0.033445 0.043478
0 0.819398 0.709030 0.006689 0.006689
0 0.819398 0.673913 0.020067 0.030100
0 0.832776 0.600334 0.006689 0.016722
0 0.862876 0.640468 0.046823 0.117057
0 0.849498 0.541806 0.013378 0.013378
0 0.844482 0.496656 0.016722 0.023411
0 0.911371 0.573579 0.043478 0.183946
0 0.612040 0.381271 0.280936 0.588629
0 0.245819 0.421405 0.337793 0.702341