0 0.829431 0.897993 0.046823 0.076923
0 0.817726 0.844482 0.003344 0.003344
0 0.162207 0.832776 0.003344 0.006689
0 0.824415 0.829431 0.016722 0.026756
0 0.078595 0.817726 0.016722 0.117057
0 0.827759 0.757525 0.023411 0.076923
0 0.195652 0.750836 0.016722 0.063545
0 0.894649 0.714047 0.070234 0.257525
0 0.133779 0.638796 0.113712 0.220736
0 0.153846 0.513378 0.026756 0.043478
0 0.685619 0.627090 0.220736 0.384615
0 0.403010 0.397993 0.030100 0.013378
0 0.366221 0.575251 0.284281 0.374582
0 0.725753 0.404682 0.066890 0.046823