0 0.548495 0.971572 0.013378 0.023411
0 0.444816 0.956522 0.013378 0.033445
0 0.608696 0.946488 0.066890 0.073579
0 0.553512 0.908027 0.023411 0.056856
0 0.456522 0.887960 0.010033 0.016722
0 0.580268 0.693980 0.056856 0.163880
0 0.580268 0.588629 0.010033 0.013378
0 0.526756 0.540134 0.003344 0.010033
0 0.765886 0.521739 0.220736 0.588629
0 0.290970 0.516722 0.361204 0.772575
0 0.613712 0.322742 0.204013 0.431438
0 0.690635 0.095318 0.016722 0.010033
0 0.207358 0.023411 0.013378 0.013378
0 0.740803 0.015050 0.010033 0.023411