0 0.275920 0.981605 0.003344 0.003344
0 0.724080 0.973244 0.036789 0.026756
0 0.918060 0.964883 0.016722 0.016722
0 0.896321 0.959866 0.006689 0.006689
0 0.110368 0.954849 0.006689 0.010033
0 0.819398 0.959866 0.046823 0.053512
0 0.857860 0.901338 0.010033 0.016722
0 0.605351 0.894649 0.140468 0.170569
0 0.351171 0.757525 0.006689 0.010033
0 0.566890 0.759197 0.056856 0.234114
0 0.090301 0.284281 0.006689 0.006689
0 0.108696 0.235786 0.003344 0.003344
0 0.884615 0.168896 0.103679 0.070234
0 0.272575 0.511706 0.357860 0.802676
0 0.100334 0.143813 0.107023 0.100334
0 0.755853 0.491639 0.347826 0.829431
0 0.645485 0.015050 0.006689 0.003344
0 0.275920 0.038462 0.090301 0.070234