0 0.583612 0.958194 0.003344 0.003344
0 0.700669 0.946488 0.003344 0.006689
0 0.215719 0.943144 0.030100 0.026756
0 0.826087 0.466555 0.006689 0.003344
0 0.916388 0.540134 0.073579 0.163880
0 0.851171 0.638796 0.157191 0.474916
0 0.779264 0.336120 0.013378 0.023411
0 0.635452 0.471572 0.220736 0.394649
0 0.371237 0.508361 0.227425 0.474916
0 0.740803 0.292642 0.050167 0.083612
0 0.652174 0.188963 0.033445 0.043478
0 0.284281 0.165552 0.020067 0.010033
0 0.352843 0.140468 0.050167 0.100334
0 0.633779 0.125418 0.110368 0.076923