0 0.085284 0.688963 0.023411 0.093645
0 0.088629 0.510033 0.036789 0.170569
0 0.924749 0.438127 0.076923 0.086957
0 0.080268 0.372910 0.006689 0.003344
0 0.887960 0.372910 0.010033 0.010033
0 0.120401 0.337793 0.013378 0.033445
0 0.090301 0.344482 0.013378 0.046823
0 0.931438 0.329431 0.010033 0.023411
0 0.130435 0.255853 0.066890 0.096990
0 0.765886 0.204013 0.040134 0.026756
0 0.737458 0.178930 0.003344 0.003344
0 0.337793 0.513378 0.307692 0.765886
0 0.762542 0.143813 0.046823 0.040134
0 0.688963 0.468227 0.301003 0.688963
0 0.254181 0.068562 0.040134 0.016722
0 0.312709 0.066890 0.063545 0.040134
0 0.292642 0.041806 0.003344 0.003344
0 0.301003 0.026756 0.006689 0.006689
0 0.302676 0.015050 0.003344 0.003344
0 0.279264 0.005017 0.003344 0.003344