0 0.165552 0.929766 0.010033 0.046823
0 0.590301 0.757525 0.010033 0.016722
0 0.595318 0.692308 0.020067 0.033445
0 0.576923 0.260870 0.003344 0.006689
0 0.575251 0.245819 0.006689 0.016722
0 0.755853 0.227425 0.013378 0.020067
0 0.767559 0.200669 0.010033 0.026756
0 0.152174 0.182274 0.016722 0.023411
0 0.474916 0.178930 0.026756 0.036789
0 0.319398 0.505017 0.324415 0.715719
0 0.468227 0.143813 0.013378 0.013378
0 0.722408 0.501672 0.314381 0.755853
0 0.595318 0.162207 0.073579 0.130435
0 0.193980 0.031773 0.006689 0.010033
0 0.262542 0.065217 0.110368 0.117057
0 0.712375 0.055184 0.107023 0.103679