0 0.887960 0.543478 0.010033 0.016722
0 0.891304 0.528428 0.003344 0.006689
0 0.760870 0.419732 0.003344 0.003344
0 0.172241 0.362876 0.036789 0.056856
0 0.204013 0.334448 0.006689 0.013378
0 0.274247 0.316054 0.006689 0.010033
0 0.316054 0.406355 0.210702 0.217391
0 0.356187 0.272575 0.003344 0.003344
0 0.794314 0.262542 0.003344 0.003344
0 0.730769 0.391304 0.237458 0.327759
0 0.734114 0.220736 0.076923 0.040134
0 0.257525 0.200669 0.093645 0.066890
0 0.334448 0.163880 0.013378 0.006689
0 0.678930 0.168896 0.093645 0.050167