0 0.804348 0.864548 0.003344 0.003344
0 0.809365 0.851171 0.013378 0.010033
0 0.934783 0.911371 0.036789 0.163880
0 0.956522 0.765886 0.006689 0.020067
0 0.926421 0.765886 0.026756 0.046823
0 0.959866 0.663880 0.026756 0.070234
0 0.881271 0.642140 0.090301 0.120401
0 0.852843 0.555184 0.013378 0.013378
0 0.869565 0.558528 0.020067 0.040134
0 0.971572 0.180602 0.030100 0.046823
0 0.222408 0.488294 0.304348 0.662207
0 0.617057 0.541806 0.237458 0.789298
0 0.642140 0.038462 0.013378 0.016722
0 0.822742 0.061873 0.160535 0.076923