0 0.249164 0.784281 0.003344 0.003344
0 0.122074 0.792642 0.190635 0.367893
0 0.695652 0.511706 0.013378 0.013378
0 0.290970 0.479933 0.020067 0.030100
0 0.153846 0.486622 0.020067 0.043478
0 0.938127 0.397993 0.003344 0.006689
0 0.692308 0.424749 0.093645 0.153846
0 0.434783 0.399666 0.113712 0.177258
0 0.466555 0.282609 0.030100 0.023411
0 0.660535 0.264214 0.016722 0.013378
0 0.414716 0.257525 0.006689 0.006689
0 0.379599 0.227425 0.023411 0.020067
0 0.459866 0.230769 0.070234 0.040134
0 0.071906 0.147157 0.036789 0.066890
0 0.036789 0.160535 0.026756 0.133779
0 0.045151 0.043478 0.003344 0.006689
0 0.842809 0.083612 0.187291 0.140468