0 0.847826 0.824415 0.023411 0.076923
0 0.168896 0.787625 0.003344 0.003344
0 0.118729 0.764214 0.003344 0.003344
0 0.102007 0.777592 0.016722 0.036789
0 0.127090 0.637124 0.020067 0.030100
0 0.177258 0.520067 0.066890 0.070234
0 0.784281 0.399666 0.003344 0.003344
0 0.173913 0.421405 0.033445 0.060201
0 0.700669 0.615385 0.284281 0.548495
0 0.183946 0.352843 0.006689 0.023411
0 0.610368 0.341137 0.003344 0.006689
0 0.645485 0.234114 0.207358 0.127090
0 0.284281 0.471572 0.301003 0.608696
0 0.727425 0.025084 0.117057 0.043478