0 0.464883 0.979933 0.006689 0.006689
0 0.662207 0.978261 0.020067 0.010033
0 0.484950 0.961538 0.020067 0.030100
0 0.672241 0.946488 0.006689 0.013378
0 0.404682 0.961538 0.020067 0.043478
0 0.632107 0.923077 0.073579 0.107023
0 0.576923 0.834448 0.003344 0.010033
0 0.588629 0.729097 0.033445 0.140468
0 0.591973 0.630435 0.013378 0.023411
0 0.255853 0.264214 0.056856 0.060201
0 0.324415 0.496656 0.468227 0.698997
0 0.759197 0.528428 0.341137 0.775920
0 0.752508 0.137124 0.013378 0.013378
0 0.675585 0.102007 0.187291 0.197324