0 0.147157 0.959866 0.026756 0.046823
0 0.285953 0.933110 0.076923 0.053512
0 0.627090 0.929766 0.137124 0.080268
0 0.371237 0.908027 0.040134 0.043478
0 0.486622 0.857860 0.010033 0.010033
0 0.177258 0.836120 0.080268 0.080268
0 0.329431 0.698997 0.023411 0.013378
0 0.632107 0.760870 0.167224 0.170569
0 0.585284 0.637124 0.073579 0.083612
0 0.819398 0.663880 0.100334 0.157191
0 0.754181 0.608696 0.056856 0.066890
0 0.571906 0.553512 0.046823 0.050167
0 0.471572 0.352843 0.006689 0.010033
0 0.476589 0.168896 0.030100 0.016722
0 0.693980 0.339465 0.190635 0.411371
0 0.311037 0.478261 0.327759 0.688963
0 0.568562 0.147157 0.133779 0.080268
0 0.076923 0.083612 0.013378 0.013378
0 0.247492 0.021739 0.013378 0.016722
0 0.687291 0.060201 0.110368 0.113712