0 0.886288 0.861204 0.013378 0.036789
0 0.886288 0.826087 0.006689 0.026756
0 0.607023 0.750836 0.003344 0.003344
0 0.767559 0.700669 0.010033 0.010033
0 0.560201 0.747492 0.056856 0.157191
0 0.538462 0.640468 0.006689 0.016722
0 0.212375 0.237458 0.016722 0.040134
0 0.285953 0.515050 0.391304 0.722408
0 0.663880 0.140468 0.030100 0.013378
0 0.127090 0.147157 0.053512 0.080268
0 0.705686 0.404682 0.354515 0.769231
0 0.224080 0.028428 0.026756 0.023411
0 0.794314 0.016722 0.010033 0.006689
0 0.789298 0.005017 0.006689 0.003344