0 0.098662 0.719064 0.043478 0.086957
0 0.180602 0.663880 0.006689 0.023411
0 0.192308 0.622074 0.003344 0.006689
0 0.408027 0.576923 0.006689 0.010033
0 0.391304 0.515050 0.060201 0.033445
0 0.775920 0.461538 0.093645 0.040134
0 0.382943 0.451505 0.016722 0.020067
0 0.421405 0.449833 0.040134 0.023411
0 0.411371 0.379599 0.060201 0.023411
0 0.755853 0.384615 0.080268 0.040134
0 0.752508 0.307692 0.073579 0.026756
0 0.672241 0.309365 0.046823 0.030100
0 0.784281 0.264214 0.030100 0.026756
0 0.391304 0.249164 0.180602 0.210702
0 0.685619 0.200669 0.147157 0.120401