0 0.075251 0.896321 0.003344 0.013378
0 0.866221 0.844482 0.006689 0.023411
0 0.866221 0.821070 0.006689 0.016722
0 0.887960 0.697324 0.003344 0.003344
0 0.846154 0.806020 0.073579 0.234114
0 0.837793 0.566890 0.003344 0.010033
0 0.790970 0.535117 0.010033 0.013378
0 0.795987 0.493311 0.006689 0.003344
0 0.789298 0.488294 0.013378 0.006689
0 0.856187 0.494983 0.227425 0.341137
0 0.734114 0.244147 0.003344 0.006689
0 0.938127 0.240803 0.003344 0.006689
0 0.921405 0.212375 0.010033 0.010033
0 0.212375 0.515050 0.284281 0.648829
0 0.944816 0.165552 0.003344 0.003344
0 0.560201 0.339465 0.284281 0.618729