0 0.869565 0.755853 0.020067 0.033445
0 0.851171 0.714047 0.010033 0.016722
0 0.153846 0.725753 0.033445 0.060201
0 0.172241 0.680602 0.010033 0.010033
0 0.235786 0.625418 0.036789 0.026756
0 0.290970 0.607023 0.006689 0.003344
0 0.280936 0.600334 0.006689 0.003344
0 0.349498 0.571906 0.230769 0.294314
0 0.377926 0.414716 0.006689 0.006689
0 0.391304 0.341137 0.220736 0.140468
0 0.469900 0.232441 0.043478 0.050167
0 0.921405 0.222408 0.030100 0.036789
0 0.749164 0.344482 0.260870 0.361204
0 0.493311 0.162207 0.010033 0.010033
0 0.414716 0.193980 0.193980 0.113712
0 0.938127 0.118729 0.003344 0.003344
0 0.926421 0.117057 0.006689 0.006689
0 0.909699 0.115385 0.006689 0.003344