0 0.478261 0.963211 0.026756 0.026756
0 0.628763 0.903010 0.006689 0.006689
0 0.568562 0.931438 0.060201 0.096990
0 0.709030 0.929766 0.200669 0.107023
0 0.612040 0.683946 0.080268 0.130435
0 0.608696 0.598662 0.006689 0.006689
0 0.787625 0.309365 0.003344 0.003344
0 0.764214 0.157191 0.003344 0.006689
0 0.311037 0.551839 0.381271 0.822742
0 0.224080 0.162207 0.033445 0.043478
0 0.244147 0.132107 0.020067 0.016722
0 0.560201 0.157191 0.090301 0.093645
0 0.739130 0.466555 0.327759 0.752508
0 0.695652 0.035117 0.026756 0.023411