0 0.928094 0.923077 0.016722 0.013378
0 0.934783 0.887960 0.003344 0.010033
0 0.128763 0.857860 0.030100 0.050167
0 0.190635 0.844482 0.053512 0.030100
0 0.938127 0.774247 0.030100 0.076923
0 0.894649 0.770903 0.023411 0.070234
0 0.938127 0.565217 0.016722 0.046823
0 0.954849 0.550167 0.010033 0.030100
0 0.958194 0.528428 0.003344 0.006689
0 0.876254 0.523411 0.020067 0.110368
0 0.946488 0.481605 0.020067 0.040134
0 0.055184 0.464883 0.070234 0.080268
0 0.938127 0.127090 0.010033 0.013378
0 0.337793 0.397993 0.314381 0.561873
0 0.712375 0.394649 0.307692 0.561873
0 0.770903 0.043478 0.103679 0.046823
0 0.068562 0.091973 0.090301 0.150502