0 0.140468 0.924749 0.006689 0.023411
0 0.586957 0.687291 0.096990 0.170569
0 0.190635 0.207358 0.006689 0.006689
0 0.235786 0.240803 0.070234 0.093645
0 0.170569 0.200669 0.013378 0.020067
0 0.160535 0.180602 0.006689 0.006689
0 0.294314 0.469900 0.327759 0.698997
0 0.157191 0.147157 0.053512 0.053512
0 0.730769 0.438127 0.337793 0.648829
0 0.558528 0.133779 0.053512 0.040134
0 0.602007 0.108696 0.013378 0.016722
0 0.297659 0.091973 0.006689 0.003344
0 0.911371 0.083612 0.023411 0.093645
0 0.672241 0.033445 0.033445 0.026756