0 0.804348 0.650502 0.070234 0.083612
0 0.787625 0.566890 0.083612 0.070234
0 0.735786 0.531773 0.006689 0.006689
0 0.792642 0.448161 0.006689 0.006689
0 0.764214 0.468227 0.096990 0.046823
0 0.294314 0.448161 0.026756 0.006689
0 0.760870 0.408027 0.090301 0.060201
0 0.652174 0.377926 0.053512 0.026756
0 0.608696 0.361204 0.020067 0.020067
0 0.767559 0.354515 0.016722 0.026756
0 0.742475 0.331104 0.006689 0.006689
0 0.627090 0.339465 0.043478 0.036789
0 0.351171 0.453177 0.173913 0.290970
0 0.239130 0.314381 0.063545 0.060201
0 0.332776 0.270903 0.123746 0.060201
0 0.356187 0.235786 0.003344 0.003344
0 0.369565 0.220736 0.016722 0.013378
0 0.662207 0.245819 0.113712 0.070234