0 0.051839 0.747492 0.063545 0.190635
0 0.698997 0.466555 0.013378 0.010033
0 0.715719 0.446488 0.006689 0.003344
0 0.329431 0.466555 0.043478 0.043478
0 0.361204 0.392977 0.033445 0.023411
0 0.262542 0.493311 0.163880 0.237458
0 0.309365 0.264214 0.010033 0.006689
0 0.280936 0.267559 0.033445 0.020067
0 0.280936 0.244147 0.006689 0.013378
0 0.655518 0.299331 0.140468 0.190635
0 0.580268 0.214047 0.043478 0.020067
0 0.364548 0.215719 0.107023 0.050167
0 0.575251 0.173913 0.026756 0.026756
0 0.867893 0.086957 0.043478 0.026756
0 0.148829 0.091973 0.070234 0.050167