0 0.160535 0.709030 0.033445 0.026756
0 0.322742 0.643813 0.050167 0.023411
0 0.167224 0.593645 0.040134 0.123746
0 0.734114 0.513378 0.016722 0.010033
0 0.734114 0.434783 0.117057 0.066890
0 0.765886 0.356187 0.046823 0.030100
0 0.727425 0.301003 0.130435 0.040134
0 0.403010 0.484950 0.197324 0.408027
0 0.294314 0.280936 0.100334 0.026756
0 0.732441 0.222408 0.020067 0.016722
0 0.645485 0.222408 0.040134 0.036789
0 0.277592 0.230769 0.086957 0.060201
0 0.341137 0.192308 0.006689 0.003344
0 0.737458 0.088629 0.043478 0.023411