0 0.663880 0.948161 0.070234 0.063545
0 0.575251 0.712375 0.046823 0.127090
0 0.583612 0.613712 0.003344 0.010033
0 0.591973 0.568562 0.013378 0.033445
0 0.220736 0.294314 0.020067 0.026756
0 0.260870 0.279264 0.040134 0.036789
0 0.170569 0.259197 0.040134 0.043478
0 0.036789 0.232441 0.020067 0.023411
0 0.956522 0.175585 0.006689 0.016722
0 0.958194 0.152174 0.003344 0.010033
0 0.311037 0.488294 0.387960 0.715719
0 0.150502 0.140468 0.086957 0.060201
0 0.737458 0.501672 0.297659 0.849498
0 0.063545 0.138796 0.066890 0.130435
0 0.264214 0.040134 0.040134 0.053512
0 0.911371 0.020067 0.016722 0.033445