0 0.163880 0.908027 0.153846 0.030100
0 0.851171 0.904682 0.204013 0.043478
0 0.807692 0.859532 0.016722 0.013378
0 0.789298 0.856187 0.013378 0.026756
0 0.317726 0.780936 0.026756 0.023411
0 0.316054 0.742475 0.023411 0.013378
0 0.413043 0.715719 0.050167 0.053512
0 0.081940 0.575251 0.023411 0.053512
0 0.096990 0.454849 0.020067 0.033445
0 0.665552 0.451505 0.294314 0.535117
0 0.326087 0.448161 0.284281 0.555184
0 0.842809 0.127090 0.026756 0.040134
0 0.842809 0.096990 0.006689 0.006689
0 0.665552 0.112040 0.026756 0.043478
0 0.852843 0.080268 0.013378 0.013378
0 0.628763 0.036789 0.093645 0.066890