0 0.028428 0.901338 0.003344 0.010033
0 0.033445 0.886288 0.006689 0.006689
0 0.045151 0.851171 0.030100 0.036789
0 0.070234 0.809365 0.013378 0.053512
0 0.088629 0.727425 0.010033 0.023411
0 0.060201 0.725753 0.020067 0.026756
0 0.913043 0.643813 0.006689 0.016722
0 0.397993 0.346154 0.006689 0.010033
0 0.309365 0.508361 0.204013 0.461538
0 0.387960 0.262542 0.073579 0.070234
0 0.673913 0.177258 0.016722 0.013378
0 0.632107 0.336120 0.207358 0.444816
0 0.110368 0.113712 0.026756 0.013378
0 0.147157 0.096990 0.013378 0.006689
0 0.158863 0.088629 0.003344 0.003344
0 0.837793 0.070234 0.083612 0.046823