0 0.066890 0.974916 0.006689 0.003344
0 0.857860 0.857860 0.090301 0.150502
0 0.075251 0.782609 0.003344 0.006689
0 0.073579 0.727425 0.026756 0.090301
0 0.058528 0.640468 0.010033 0.010033
0 0.070234 0.516722 0.006689 0.010033
0 0.857860 0.500000 0.010033 0.016722
0 0.056856 0.558528 0.060201 0.133779
0 0.841137 0.500000 0.010033 0.030100
0 0.886288 0.491639 0.033445 0.060201
0 0.849498 0.458194 0.013378 0.020067
0 0.911371 0.098662 0.003344 0.003344
0 0.297659 0.421405 0.301003 0.662207
0 0.653846 0.446488 0.284281 0.739130
0 0.148829 0.071906 0.036789 0.023411