0 0.914716 0.928094 0.003344 0.010033
0 0.806020 0.811037 0.020067 0.023411
0 0.795987 0.767559 0.006689 0.016722
0 0.849498 0.715719 0.173913 0.274247
0 0.782609 0.523411 0.013378 0.010033
0 0.752508 0.538462 0.113712 0.080268
0 0.877926 0.478261 0.023411 0.026756
0 0.257525 0.591973 0.367893 0.501672
0 0.317726 0.295987 0.013378 0.010033
0 0.371237 0.262542 0.140468 0.123746
0 0.386288 0.200669 0.030100 0.013378
0 0.349498 0.198997 0.010033 0.010033
0 0.769231 0.327759 0.274247 0.294314
0 0.367893 0.140468 0.133779 0.060201
0 0.709030 0.140468 0.173913 0.080268