0 0.070234 0.918060 0.026756 0.016722
0 0.075251 0.866221 0.003344 0.006689
0 0.038462 0.849498 0.030100 0.107023
0 0.026756 0.670569 0.006689 0.043478
0 0.891304 0.607023 0.030100 0.050167
0 0.906355 0.745819 0.086957 0.387960
0 0.036789 0.566890 0.026756 0.076923
0 0.720736 0.443144 0.290970 0.551839
0 0.295987 0.426421 0.411371 0.531773
0 0.934783 0.163880 0.010033 0.013378
0 0.951505 0.158863 0.003344 0.010033
0 0.045151 0.098662 0.030100 0.143813
0 0.757525 0.071906 0.157191 0.096990
0 0.304348 0.031773 0.046823 0.016722