0 0.474916 0.882943 0.020067 0.033445
0 0.202341 0.767559 0.003344 0.003344
0 0.724080 0.717391 0.070234 0.043478
0 0.630435 0.685619 0.003344 0.006689
0 0.961538 0.685619 0.030100 0.033445
0 0.916388 0.648829 0.013378 0.013378
0 0.086957 0.650502 0.046823 0.050167
0 0.506689 0.602007 0.003344 0.006689
0 0.454849 0.588629 0.013378 0.013378
0 0.520067 0.536789 0.083612 0.103679
0 0.250836 0.262542 0.026756 0.030100
0 0.290970 0.464883 0.307692 0.501672
0 0.205686 0.172241 0.076923 0.023411
0 0.254181 0.115385 0.006689 0.010033
0 0.775920 0.354515 0.314381 0.555184
0 0.362876 0.066890 0.030100 0.013378