0 0.055184 0.692308 0.016722 0.026756
0 0.795987 0.513378 0.020067 0.010033
0 0.787625 0.489967 0.003344 0.003344
0 0.289298 0.518395 0.384615 0.481605
0 0.275920 0.232441 0.096990 0.050167
0 0.864548 0.177258 0.030100 0.020067
0 0.387960 0.140468 0.080268 0.046823
0 0.714047 0.287625 0.250836 0.374582
0 0.789298 0.040134 0.006689 0.006689
0 0.122074 0.038462 0.003344 0.003344
0 0.372910 0.036789 0.016722 0.013378
0 0.155518 0.046823 0.043478 0.033445
0 0.821070 0.015050 0.030100 0.003344
0 0.792642 0.015050 0.013378 0.003344
0 0.628763 0.035117 0.147157 0.043478
0 0.260870 0.031773 0.073579 0.036789