0 0.123746 0.981605 0.020067 0.023411
0 0.065217 0.971572 0.003344 0.003344
0 0.103679 0.969900 0.013378 0.006689
0 0.058528 0.956522 0.010033 0.013378
0 0.160535 0.638796 0.013378 0.020067
0 0.075251 0.770903 0.096990 0.331104
0 0.923077 0.586957 0.013378 0.030100
0 0.178930 0.304348 0.043478 0.046823
0 0.451505 0.289298 0.033445 0.063545
0 0.197324 0.264214 0.013378 0.013378
0 0.326087 0.488294 0.311037 0.541806
0 0.117057 0.188963 0.040134 0.050167
0 0.234114 0.197324 0.053512 0.086957
0 0.710702 0.446488 0.290970 0.625418
0 0.566890 0.170569 0.076923 0.080268
0 0.797659 0.130435 0.016722 0.026756
0 0.086957 0.117057 0.046823 0.060201
0 0.122074 0.060201 0.023411 0.046823