0 0.409699 0.643813 0.010033 0.010033
0 0.180602 0.627090 0.006689 0.016722
0 0.198997 0.591973 0.010033 0.013378
0 0.787625 0.578595 0.036789 0.046823
0 0.336120 0.605351 0.110368 0.107023
0 0.262542 0.546823 0.030100 0.036789
0 0.341137 0.511706 0.013378 0.013378
0 0.214047 0.518395 0.026756 0.026756
0 0.847826 0.576923 0.076923 0.170569
0 0.779264 0.503344 0.060201 0.036789
0 0.792642 0.392977 0.173913 0.117057
0 0.416388 0.314381 0.023411 0.020067
0 0.384615 0.307692 0.013378 0.006689
0 0.697324 0.267559 0.010033 0.013378
0 0.760870 0.247492 0.123746 0.153846
0 0.677258 0.148829 0.023411 0.023411
0 0.361204 0.170569 0.133779 0.080268