0 0.683500 0.970500 0.008000 0.004000
0 0.597500 0.970500 0.008000 0.004000
0 0.623000 0.966750 0.027000 0.019500
0 0.160000 0.836000 0.039000 0.047000
0 0.197250 0.810750 0.027500 0.019500
0 0.611500 0.756000 0.004000 0.004000
0 0.673750 0.826250 0.152500 0.222500
0 0.404250 0.521250 0.050500 0.105500
0 0.566500 0.211000 0.008000 0.008000
0 0.937500 0.191250 0.016000 0.015500
0 0.951000 0.162000 0.004000 0.004000
0 0.955000 0.156250 0.012000 0.007500
0 0.173750 0.154250 0.027500 0.035500
0 0.916000 0.119000 0.004000 0.004000
0 0.302750 0.544750 0.527500 0.894500
0 0.203250 0.131000 0.109500 0.090000
0 0.570250 0.054500 0.031500 0.039000
0 0.720750 0.459000 0.511500 0.895000