0 0.431750 0.966750 0.019500 0.019500
0 0.771500 0.964750 0.043000 0.031500
0 0.716750 0.962750 0.027500 0.027500
0 0.675750 0.937500 0.046500 0.078000
0 0.943250 0.386750 0.027500 0.031500
0 0.910250 0.343750 0.015500 0.023500
0 0.109500 0.189500 0.008000 0.012000
0 0.935500 0.212750 0.074000 0.113500
0 0.841750 0.160250 0.011500 0.015500
0 0.224500 0.566250 0.410000 0.851500
0 0.119250 0.136750 0.105500 0.078500
0 0.714750 0.537000 0.367500 0.887000
0 0.484250 0.029250 0.015500 0.019500
0 0.701250 0.027500 0.074500 0.047000