0 0.363250 0.965000 0.007500 0.008000
0 0.710750 0.964750 0.023500 0.023500
0 0.552750 0.927750 0.003500 0.003500
0 0.205000 0.957000 0.168000 0.070000
0 0.615000 0.914000 0.043000 0.047000
0 0.150500 0.756000 0.004000 0.004000
0 0.613250 0.728500 0.007500 0.020000
0 0.631000 0.707000 0.004000 0.008000
0 0.562500 0.720750 0.031000 0.058500
0 0.722500 0.724750 0.133000 0.105500
0 0.127000 0.677750 0.027000 0.035500
0 0.070250 0.455000 0.015500 0.035000
0 0.064500 0.427750 0.004000 0.003500
0 0.066500 0.412250 0.008000 0.019500
0 0.146500 0.379000 0.004000 0.008000
0 0.097500 0.369000 0.086000 0.254000
0 0.326250 0.488250 0.363500 0.703500
0 0.795000 0.412000 0.340000 0.621000
0 0.101750 0.130750 0.101500 0.058500
0 0.250000 0.103500 0.188000 0.074000