0 0.068500 0.890500 0.043000 0.078000
0 0.916000 0.808500 0.012000 0.008000
0 0.912000 0.799000 0.004000 0.004000
0 0.375000 0.730250 0.031000 0.023500
0 0.345750 0.586000 0.011500 0.008000
0 0.197250 0.568500 0.003500 0.004000
0 0.314250 0.484250 0.019500 0.015500
0 0.213000 0.414000 0.082000 0.070000
0 0.279250 0.525500 0.300500 0.496000
0 0.712750 0.242250 0.027500 0.015500
0 0.783250 0.519500 0.308500 0.594000
0 0.285250 0.201000 0.062500 0.082000
0 0.650500 0.156250 0.082000 0.078500
0 0.365250 0.131000 0.074500 0.051000