0 0.737458 0.697324 0.003344 0.003344
0 0.734114 0.642140 0.010033 0.006689
0 0.702341 0.580268 0.006689 0.003344
0 0.784281 0.556856 0.023411 0.016722
0 0.270903 0.645485 0.247492 0.240803
0 0.841137 0.510033 0.003344 0.010033
0 0.837793 0.498328 0.003344 0.006689
0 0.183946 0.473244 0.006689 0.023411
0 0.195652 0.451505 0.016722 0.013378
0 0.379599 0.444816 0.023411 0.046823
0 0.655518 0.376254 0.053512 0.083612
0 0.346154 0.418060 0.103679 0.187291
0 0.774247 0.536789 0.237458 0.505017
0 0.270903 0.264214 0.013378 0.013378
0 0.341137 0.265886 0.107023 0.070234
0 0.349498 0.215719 0.016722 0.016722
0 0.267559 0.212375 0.033445 0.043478
0 0.332776 0.158863 0.117057 0.070234
0 0.648829 0.157191 0.153846 0.120401