0 0.470750 0.970500 0.011500 0.004000
0 0.810500 0.968750 0.012000 0.015500
0 0.699250 0.962750 0.046500 0.027500
0 0.162000 0.951000 0.035000 0.043000
0 0.425750 0.919750 0.078500 0.066500
0 0.388750 0.884750 0.011500 0.003500
0 0.060500 0.384750 0.004000 0.003500
0 0.066500 0.373000 0.008000 0.012000
0 0.960750 0.292750 0.023500 0.023500
0 0.922000 0.252000 0.039000 0.027000
0 0.463000 0.213000 0.004000 0.004000
0 0.433500 0.207250 0.008000 0.023500
0 0.080000 0.185500 0.043000 0.059000
0 0.869000 0.154250 0.082000 0.058500
0 0.361250 0.099500 0.011500 0.012000
0 0.742250 0.533250 0.484500 0.894500
0 0.541000 0.076250 0.020000 0.011500
0 0.218750 0.486250 0.406500 0.847500
0 0.586000 0.060500 0.008000 0.012000
0 0.570250 0.068250 0.015500 0.027500