0 0.080268 0.923077 0.006689 0.006689
0 0.065217 0.921405 0.003344 0.003344
0 0.312709 0.724080 0.023411 0.023411
0 0.749164 0.698997 0.006689 0.006689
0 0.789298 0.710702 0.060201 0.056856
0 0.312709 0.628763 0.010033 0.013378
0 0.331104 0.555184 0.006689 0.006689
0 0.714047 0.570234 0.070234 0.103679
0 0.710702 0.520067 0.016722 0.010033
0 0.742475 0.513378 0.006689 0.003344
0 0.757525 0.496656 0.030100 0.030100
0 0.673913 0.446488 0.030100 0.056856
0 0.647157 0.421405 0.003344 0.006689
0 0.658863 0.399666 0.006689 0.003344
0 0.625418 0.173913 0.046823 0.026756
0 0.349498 0.165552 0.043478 0.043478