0 0.451162 0.970710 0.003545 0.004151
0 0.718787 0.968865 0.023631 0.023524
0 0.769594 0.949262 0.031508 0.047048
0 0.716818 0.906135 0.011816 0.007841
0 0.476566 0.892528 0.007877 0.019373
0 0.486412 0.880766 0.003939 0.004151
0 0.525404 0.826107 0.035447 0.035055
0 0.706971 0.771448 0.007877 0.019834
0 0.593738 0.736393 0.062623 0.144373
0 0.638637 0.650369 0.011422 0.011993
0 0.697125 0.497924 0.293029 0.777214
0 0.263686 0.462869 0.386373 0.707103
0 0.093738 0.132841 0.070106 0.047048
0 0.136865 0.070341 0.054746 0.030904