0 0.058528 0.816054 0.030100 0.053512
0 0.080268 0.775920 0.013378 0.020067
0 0.583612 0.735786 0.003344 0.013378
0 0.065217 0.697324 0.043478 0.083612
0 0.073579 0.617057 0.046823 0.070234
0 0.068562 0.546823 0.010033 0.030100
0 0.093645 0.503344 0.013378 0.023411
0 0.342809 0.566890 0.076923 0.183946
0 0.088629 0.456522 0.023411 0.036789
0 0.304348 0.349498 0.006689 0.003344
0 0.117057 0.372910 0.033445 0.050167
0 0.150502 0.292642 0.013378 0.016722
0 0.732441 0.311037 0.347826 0.301003
0 0.356187 0.234114 0.183946 0.247492