0 0.255853 0.973244 0.003344 0.006689
0 0.526756 0.971572 0.003344 0.010033
0 0.347826 0.971572 0.006689 0.016722
0 0.397993 0.964883 0.006689 0.010033
0 0.207358 0.959866 0.006689 0.006689
0 0.764214 0.969900 0.043478 0.033445
0 0.466555 0.966555 0.030100 0.033445
0 0.426421 0.966555 0.043478 0.033445
0 0.508361 0.954849 0.013378 0.016722
0 0.088629 0.908027 0.003344 0.003344
0 0.078595 0.908027 0.010033 0.010033
0 0.088629 0.861204 0.056856 0.096990
0 0.757525 0.727425 0.010033 0.010033
0 0.829431 0.760870 0.066890 0.177258
0 0.760870 0.678930 0.016722 0.020067
0 0.510033 0.698997 0.183946 0.227425
0 0.421405 0.556856 0.013378 0.016722
0 0.872910 0.190635 0.193980 0.193980
0 0.331104 0.362876 0.274247 0.545151
0 0.588629 0.341137 0.227425 0.555184