0 0.728500 0.941250 0.270000 0.101500
0 0.304500 0.937500 0.422000 0.109000
0 0.798750 0.880750 0.011500 0.019500
0 0.443500 0.873000 0.004000 0.004000
0 0.392750 0.882750 0.027500 0.031500
0 0.041000 0.800750 0.012000 0.031500
0 0.609250 0.673750 0.015500 0.035500
0 0.927750 0.326250 0.011500 0.011500
0 0.814500 0.300750 0.121000 0.156500
0 0.789000 0.213000 0.016000 0.012000
0 0.224500 0.496000 0.387000 0.781000
0 0.183500 0.064500 0.008000 0.012000
0 0.646500 0.466750 0.582000 0.894500
0 0.133000 0.043000 0.086000 0.055000