0 0.911371 0.984950 0.003344 0.003344
0 0.135452 0.974916 0.003344 0.003344
0 0.921405 0.966555 0.016722 0.020067
0 0.829431 0.968227 0.020067 0.036789
0 0.846154 0.839465 0.013378 0.053512
0 0.658863 0.683946 0.013378 0.010033
0 0.663880 0.645485 0.010033 0.013378
0 0.966555 0.473244 0.020067 0.023411
0 0.051839 0.443144 0.050167 0.056856
0 0.914716 0.423077 0.050167 0.056856
0 0.872910 0.397993 0.040134 0.100334
0 0.643813 0.346154 0.264214 0.498328
0 0.312709 0.421405 0.290970 0.688963
0 0.908027 0.061873 0.130435 0.096990