0 0.790970 0.874582 0.016722 0.023411
0 0.842809 0.919732 0.140468 0.153846
0 0.742475 0.856187 0.046823 0.100334
0 0.799331 0.795987 0.060201 0.113712
0 0.068562 0.732441 0.003344 0.006689
0 0.103679 0.727425 0.013378 0.010033
0 0.899666 0.732441 0.013378 0.026756
0 0.071906 0.660535 0.023411 0.023411
0 0.794314 0.645485 0.010033 0.020067
0 0.867893 0.337793 0.070234 0.113712
0 0.469900 0.506689 0.264214 0.511706
0 0.178930 0.409699 0.257525 0.444816
0 0.765886 0.152174 0.006689 0.010033
0 0.413043 0.178930 0.137124 0.070234
0 0.677258 0.150502 0.010033 0.020067
0 0.081940 0.090301 0.023411 0.046823
0 0.538462 0.043478 0.060201 0.033445