0 0.070234 0.911371 0.006689 0.023411
0 0.314381 0.650502 0.020067 0.016722
0 0.207358 0.622074 0.006689 0.006689
0 0.331104 0.617057 0.006689 0.010033
0 0.249164 0.605351 0.016722 0.006689
0 0.259197 0.695652 0.230769 0.193980
0 0.294314 0.600334 0.060201 0.043478
0 0.175585 0.511706 0.016722 0.013378
0 0.214047 0.494983 0.026756 0.026756
0 0.235786 0.479933 0.003344 0.003344
0 0.188963 0.295987 0.003344 0.003344
0 0.321070 0.295987 0.020067 0.023411
0 0.272575 0.282609 0.030100 0.010033
0 0.742475 0.449833 0.334448 0.444816
0 0.219064 0.187291 0.157191 0.147157
0 0.650502 0.162207 0.170569 0.110368