0 0.081940 0.938127 0.016722 0.016722
0 0.797659 0.949833 0.030100 0.053512
0 0.672241 0.752508 0.006689 0.013378
0 0.764214 0.653846 0.143813 0.143813
0 0.647157 0.627090 0.070234 0.090301
0 0.720736 0.556856 0.010033 0.010033
0 0.762542 0.540134 0.020067 0.016722
0 0.784281 0.520067 0.003344 0.003344
0 0.556856 0.523411 0.010033 0.023411
0 0.729097 0.441472 0.080268 0.060201
0 0.693980 0.259197 0.003344 0.003344
0 0.817726 0.252508 0.003344 0.003344
0 0.695652 0.250836 0.006689 0.006689
0 0.075251 0.158863 0.003344 0.010033
0 0.277592 0.428094 0.414716 0.709030
0 0.725753 0.401338 0.441472 0.695652