0 0.951000 0.982500 0.004000 0.004000
0 0.465000 0.941500 0.008000 0.008000
0 0.273500 0.935500 0.008000 0.004000
0 0.443500 0.925750 0.004000 0.007500
0 0.947250 0.923750 0.003500 0.011500
0 0.451250 0.912000 0.019500 0.012000
0 0.443500 0.896500 0.004000 0.004000
0 0.463000 0.898500 0.012000 0.016000
0 0.445250 0.888500 0.007500 0.004000
0 0.951250 0.818250 0.027500 0.066500
0 0.943500 0.744250 0.004000 0.011500
0 0.416000 0.752000 0.020000 0.059000
0 0.150250 0.568500 0.269500 0.832000
0 0.632750 0.554500 0.601500 0.875000
0 0.627000 0.107500 0.004000 0.004000
0 0.650500 0.080000 0.004000 0.004000
0 0.701000 0.045000 0.004000 0.004000
0 0.765500 0.013750 0.008000 0.011500