0 0.724080 0.956522 0.003344 0.006689
0 0.931438 0.949833 0.003344 0.006689
0 0.928094 0.929766 0.003344 0.006689
0 0.720736 0.929766 0.010033 0.013378
0 0.357860 0.849498 0.026756 0.020067
0 0.193980 0.852843 0.060201 0.080268
0 0.220736 0.774247 0.040134 0.070234
0 0.918060 0.576923 0.016722 0.023411
0 0.307692 0.453177 0.354515 0.618729
0 0.831104 0.142140 0.003344 0.003344
0 0.744147 0.386288 0.324415 0.551839
0 0.578595 0.113712 0.006689 0.006689
0 0.540134 0.110368 0.050167 0.040134
0 0.175585 0.091973 0.010033 0.010033