0 0.185619 0.536789 0.010033 0.010033
0 0.197324 0.463211 0.006689 0.003344
0 0.093645 0.444816 0.013378 0.006689
0 0.193980 0.424749 0.046823 0.053512
0 0.103679 0.346154 0.020067 0.023411
0 0.103679 0.282609 0.020067 0.010033
0 0.279264 0.205686 0.003344 0.003344
0 0.754181 0.170569 0.023411 0.013378
0 0.769231 0.150502 0.006689 0.006689
0 0.294314 0.165552 0.020067 0.036789
0 0.170569 0.240803 0.207358 0.187291
0 0.570234 0.341137 0.484950 0.481605
0 0.795987 0.065217 0.033445 0.023411
0 0.304348 0.030100 0.033445 0.033445