0 0.720712 0.736377 0.011413 0.011909
0 0.744209 0.740166 0.027526 0.027427
0 0.267539 0.318477 0.004028 0.003970
0 0.742195 0.494045 0.257805 0.511729
0 0.189493 0.247925 0.011749 0.019488
0 0.498154 0.236377 0.019470 0.035366
0 0.525512 0.222663 0.011749 0.015879
0 0.523498 0.209130 0.007721 0.003970
0 0.304800 0.466799 0.281302 0.535186
0 0.740181 0.193252 0.004028 0.003970
0 0.574186 0.166005 0.015777 0.019488
0 0.410205 0.175749 0.093991 0.038975
0 0.654246 0.158066 0.058409 0.066402
0 0.513763 0.148502 0.050688 0.101407
0 0.509735 0.078131 0.027190 0.015518