0 0.164062 0.484375 0.023438 0.031250
0 0.263672 0.607422 0.339844 0.402344
0 0.818359 0.404297 0.003906 0.003906
0 0.365234 0.339844 0.035156 0.015625
0 0.783203 0.539062 0.214844 0.437500
0 0.664062 0.326172 0.023438 0.019531
0 0.837891 0.314453 0.027344 0.042969
0 0.292969 0.201172 0.015625 0.019531
0 0.726562 0.236328 0.109375 0.097656
0 0.451172 0.208984 0.050781 0.050781
0 0.248047 0.207031 0.058594 0.046875
0 0.734375 0.187500 0.015625 0.015625
0 0.613281 0.140625 0.015625 0.015625
0 0.369141 0.150391 0.089844 0.042969