0 0.865092 0.916151 0.004003 0.011868
0 0.939351 0.787152 0.019616 0.042828
0 0.951161 0.742260 0.004003 0.007740
0 0.863291 0.781218 0.054844 0.133127
0 0.949359 0.718782 0.015612 0.030960
0 0.908327 0.693498 0.004003 0.004128
0 0.052842 0.685501 0.027222 0.058308
0 0.927742 0.644737 0.003603 0.007740
0 0.814452 0.443240 0.003603 0.004128
0 0.134708 0.351651 0.011609 0.007740
0 0.826261 0.318369 0.004003 0.004128
0 0.841873 0.302632 0.004003 0.003612
0 0.832066 0.304696 0.007606 0.007740
0 0.845677 0.466718 0.152522 0.433953
0 0.297038 0.462848 0.226581 0.496388
0 0.628903 0.474458 0.297038 0.535088
0 0.330064 0.185501 0.003603 0.003612
0 0.582066 0.134675 0.093675 0.058824