0 0.158000 0.824250 0.004000 0.007500
0 0.199250 0.890750 0.234500 0.187500
0 0.146500 0.763750 0.035000 0.050500
0 0.582000 0.783250 0.508000 0.386500
0 0.304750 0.591750 0.007500 0.011500
0 0.888750 0.179750 0.011500 0.023500
0 0.185750 0.177750 0.019500 0.019500
0 0.134750 0.170000 0.011500 0.004000
0 0.773500 0.109500 0.008000 0.008000
0 0.390750 0.115000 0.015500 0.043000
0 0.558500 0.099750 0.047000 0.027500
0 0.322250 0.091750 0.011500 0.011500
0 0.222500 0.482500 0.414000 0.801000
0 0.687500 0.457000 0.445000 0.766000
0 0.480500 0.099500 0.039000 0.051000
0 0.097750 0.119250 0.117500 0.113500