0 0.359532 0.374582 0.010033 0.006689
0 0.290970 0.397993 0.066890 0.053512
0 0.698997 0.374582 0.020067 0.013378
0 0.267559 0.289298 0.013378 0.010033
0 0.677258 0.198997 0.003344 0.010033
0 0.673913 0.188963 0.003344 0.003344
0 0.224080 0.245819 0.113712 0.150502
0 0.779264 0.282609 0.227425 0.270903
0 0.692308 0.157191 0.020067 0.046823
0 0.168896 0.143813 0.050167 0.060201
0 0.319398 0.108696 0.023411 0.023411
0 0.369565 0.095318 0.003344 0.003344
0 0.678930 0.112040 0.113712 0.050167
0 0.351171 0.050167 0.006689 0.006689
0 0.306020 0.053512 0.117057 0.073579