0 0.175902 0.888702 0.070361 0.035076
0 0.742253 0.738280 0.023332 0.023609
0 0.818265 0.681619 0.004010 0.004047
0 0.810609 0.658179 0.019322 0.027319
0 0.703062 0.650253 0.015676 0.019562
0 0.802771 0.638617 0.003646 0.003710
0 0.822275 0.339798 0.012031 0.015852
0 0.445315 0.335919 0.030988 0.070152
0 0.826103 0.294941 0.019686 0.035413
0 0.802771 0.267622 0.003646 0.003710
0 0.388626 0.236425 0.003646 0.004047
0 0.384798 0.228499 0.004010 0.003710
0 0.744076 0.167960 0.074371 0.039123
0 0.275428 0.451096 0.292745 0.620911
0 0.697229 0.130860 0.004010 0.004047
0 0.724572 0.441484 0.308786 0.632715
0 0.656398 0.121079 0.070361 0.031029
0 0.504010 0.080101 0.015676 0.011804