0 0.806020 0.655518 0.026756 0.020067
0 0.168896 0.548495 0.023411 0.033445
0 0.295987 0.456522 0.023411 0.016722
0 0.336120 0.453177 0.030100 0.036789
0 0.172241 0.446488 0.016722 0.036789
0 0.185619 0.423077 0.003344 0.003344
0 0.672241 0.401338 0.006689 0.006689
0 0.352843 0.357860 0.016722 0.020067
0 0.307692 0.359532 0.006689 0.023411
0 0.190635 0.326087 0.026756 0.043478
0 0.220736 0.212375 0.040134 0.043478
0 0.714047 0.332776 0.257525 0.351171
0 0.371237 0.217391 0.147157 0.160535
0 0.225753 0.142140 0.030100 0.043478
0 0.697324 0.103679 0.110368 0.060201
0 0.660535 0.046823 0.083612 0.046823