0 0.772575 0.486622 0.006689 0.003344
0 0.379599 0.560201 0.157191 0.163880
0 0.799331 0.486622 0.026756 0.050167
0 0.764214 0.443144 0.003344 0.003344
0 0.755853 0.431438 0.006689 0.006689
0 0.740803 0.419732 0.010033 0.010033
0 0.374582 0.418060 0.040134 0.033445
0 0.806020 0.404682 0.026756 0.066890
0 0.406355 0.341137 0.023411 0.020067
0 0.720736 0.344482 0.130435 0.140468
0 0.673913 0.224080 0.030100 0.033445
0 0.309365 0.182274 0.016722 0.010033
0 0.734114 0.172241 0.016722 0.016722
0 0.387960 0.128763 0.073579 0.036789
0 0.660535 0.128763 0.083612 0.063545