0 0.583612 0.981605 0.003344 0.003344
0 0.563545 0.978261 0.016722 0.010033
0 0.617057 0.971572 0.016722 0.016722
0 0.506689 0.949833 0.016722 0.026756
0 0.075251 0.924749 0.003344 0.003344
0 0.075251 0.909699 0.003344 0.006689
0 0.901338 0.886288 0.050167 0.053512
0 0.086957 0.864548 0.053512 0.090301
0 0.511706 0.797659 0.006689 0.016722
0 0.913043 0.842809 0.100334 0.140468
0 0.543478 0.759197 0.036789 0.080268
0 0.590301 0.578595 0.130435 0.227425
0 0.797659 0.282609 0.003344 0.003344
0 0.670569 0.364548 0.230769 0.468227
0 0.372910 0.371237 0.264214 0.501672
0 0.887960 0.173913 0.143813 0.160535
0 0.411371 0.075251 0.033445 0.030100