0 0.221875 0.964695 0.015625 0.017176
0 0.139063 0.964695 0.106250 0.024809
0 0.654687 0.960878 0.012500 0.024809
0 0.640625 0.955153 0.009375 0.013359
0 0.568750 0.960878 0.028125 0.024809
0 0.618750 0.953244 0.028125 0.032443
0 0.539062 0.933206 0.015625 0.022901
0 0.267969 0.921756 0.035937 0.030534
0 0.324219 0.906489 0.007812 0.007634
0 0.310156 0.873092 0.004687 0.013359
0 0.295312 0.867366 0.012500 0.017176
0 0.325781 0.863550 0.020313 0.032443
0 0.300781 0.609733 0.054688 0.116412
0 0.117188 0.233779 0.181250 0.242366
0 0.410156 0.417939 0.476562 0.725191
0 0.058594 0.078244 0.039062 0.045802
0 0.154688 0.054389 0.028125 0.032443
0 0.775000 0.324427 0.293750 0.618321