0 0.095280 0.966667 0.019231 0.019355
0 0.175699 0.958065 0.078671 0.066667
0 0.236014 0.894624 0.059441 0.055914
0 0.077797 0.868817 0.015734 0.034409
0 0.576049 0.794624 0.005245 0.010753
0 0.609266 0.747312 0.124126 0.152688
0 0.422203 0.311828 0.008741 0.008602
0 0.142483 0.129032 0.005245 0.008602
0 0.115385 0.184946 0.090909 0.129032
0 0.902098 0.091398 0.024476 0.027957
0 0.296329 0.460215 0.421329 0.765591
0 0.412587 0.078495 0.027972 0.023656
0 0.172203 0.084946 0.085664 0.066667
0 0.153846 0.045161 0.003497 0.004301
0 0.724650 0.425806 0.424825 0.774194
0 0.773601 0.035484 0.008741 0.006452
0 0.896853 0.038710 0.034965 0.030108