0 0.163880 0.921405 0.040134 0.023411
0 0.162207 0.852843 0.036789 0.073579
0 0.172241 0.795987 0.036789 0.026756
0 0.175585 0.747492 0.023411 0.036789
0 0.175585 0.692308 0.030100 0.046823
0 0.115385 0.551839 0.056856 0.113712
0 0.744147 0.501672 0.036789 0.033445
0 0.193980 0.488294 0.046823 0.040134
0 0.130435 0.456522 0.020067 0.030100
0 0.157191 0.421405 0.006689 0.006689
0 0.326087 0.443144 0.143813 0.056856
0 0.745819 0.419732 0.026756 0.036789
0 0.326087 0.366221 0.103679 0.050167
0 0.361204 0.254181 0.127090 0.100334
0 0.222408 0.257525 0.163880 0.247492