0 0.678930 0.558528 0.006689 0.006689
0 0.744147 0.503344 0.010033 0.010033
0 0.779264 0.513378 0.020067 0.036789
0 0.304348 0.500000 0.013378 0.030100
0 0.359532 0.588629 0.157191 0.274247
0 0.205686 0.406355 0.010033 0.016722
0 0.361204 0.392977 0.060201 0.023411
0 0.444816 0.384615 0.006689 0.013378
0 0.408027 0.381271 0.006689 0.006689
0 0.785953 0.359532 0.046823 0.063545
0 0.705686 0.414716 0.207358 0.173913
0 0.428094 0.267559 0.013378 0.013378
0 0.314381 0.207358 0.033445 0.013378
0 0.707358 0.210702 0.110368 0.046823
0 0.391304 0.162207 0.053512 0.030100
0 0.635452 0.158863 0.073579 0.036789