0 0.789298 0.565217 0.053512 0.046823
0 0.861204 0.543478 0.036789 0.070234
0 0.265886 0.645485 0.337793 0.301003
0 0.742475 0.456522 0.006689 0.010033
0 0.777592 0.461538 0.036789 0.040134
0 0.396321 0.434783 0.016722 0.020067
0 0.717391 0.424749 0.050167 0.040134
0 0.740803 0.230769 0.010033 0.006689
0 0.762542 0.198997 0.020067 0.016722
0 0.292642 0.198997 0.016722 0.016722
0 0.336120 0.157191 0.016722 0.006689
0 0.655518 0.128763 0.060201 0.016722
0 0.640468 0.040134 0.023411 0.006689
0 0.687291 0.036789 0.023411 0.013378