0 0.796750 0.966750 0.023500 0.019500
0 0.711000 0.966750 0.039000 0.019500
0 0.634750 0.906250 0.003500 0.007500
0 0.185500 0.861500 0.004000 0.004000
0 0.191500 0.894500 0.250000 0.203000
0 0.134750 0.781250 0.019500 0.023500
0 0.076000 0.306500 0.004000 0.004000
0 0.107500 0.279250 0.074000 0.058500
0 0.088000 0.220750 0.004000 0.011500
0 0.527500 0.134750 0.008000 0.011500
0 0.148500 0.164000 0.156000 0.094000
0 0.398500 0.549000 0.680000 0.871000
0 0.564500 0.072250 0.004000 0.003500
0 0.761750 0.425750 0.445500 0.742500