0 0.316500 0.959000 0.008000 0.004000
0 0.548750 0.925750 0.019500 0.023500
0 0.185500 0.929750 0.238000 0.132500
0 0.607250 0.910250 0.066500 0.117500
0 0.066250 0.474500 0.015500 0.035000
0 0.072250 0.447250 0.003500 0.003500
0 0.080000 0.416000 0.004000 0.004000
0 0.119250 0.261750 0.136500 0.265500
0 0.925750 0.144500 0.039500 0.039000
0 0.873000 0.076250 0.012000 0.011500
0 0.238250 0.078250 0.031500 0.015500
0 0.267750 0.066250 0.019500 0.015500
0 0.544750 0.423750 0.855500 0.738500
0 0.254000 0.052750 0.008000 0.003500