0 0.857860 0.690635 0.003344 0.003344
0 0.857860 0.438127 0.043478 0.066890
0 0.874582 0.426421 0.070234 0.230769
0 0.262542 0.538462 0.324415 0.581940
0 0.640468 0.471572 0.244147 0.535117
0 0.158863 0.178930 0.003344 0.003344
0 0.826087 0.173913 0.006689 0.006689
0 0.088629 0.187291 0.043478 0.046823
0 0.180602 0.167224 0.026756 0.020067
0 0.209030 0.145485 0.010033 0.016722
0 0.864548 0.162207 0.063545 0.096990
0 0.811037 0.066890 0.003344 0.006689
0 0.871237 0.091973 0.063545 0.083612
0 0.759197 0.030100 0.006689 0.006689
0 0.705686 0.071906 0.247492 0.137124