0 0.738636 0.958580 0.031818 0.047337
0 0.761364 0.763314 0.040909 0.023669
0 0.504545 0.689349 0.018182 0.029586
0 0.822727 0.644970 0.018182 0.011834
0 0.336364 0.500000 0.009091 0.005917
0 0.334091 0.476331 0.022727 0.029586
0 0.834091 0.508876 0.168182 0.390533
0 0.202273 0.576923 0.322727 0.526627
0 0.800000 0.313609 0.009091 0.023669
0 0.470455 0.263314 0.022727 0.053254
0 0.740909 0.257396 0.045455 0.065089
0 0.756818 0.215976 0.013636 0.029586
0 0.275000 0.210059 0.077273 0.100592
0 0.468182 0.180473 0.036364 0.053254
0 0.145455 0.171598 0.027273 0.035503
0 0.622727 0.242604 0.181818 0.224852