0 0.739844 0.964695 0.035937 0.017176
0 0.564844 0.964695 0.035937 0.017176
0 0.636719 0.960878 0.101562 0.032443
0 0.667969 0.923664 0.007812 0.011450
0 0.021094 0.816794 0.004687 0.007634
0 0.681250 0.794847 0.012500 0.028626
0 0.040625 0.780534 0.012500 0.015267
0 0.634375 0.767176 0.003125 0.003817
0 0.628125 0.734733 0.015625 0.022901
0 0.625000 0.717557 0.009375 0.003817
0 0.627344 0.708969 0.004687 0.005725
0 0.355469 0.710878 0.095312 0.116412
0 0.289062 0.628817 0.009375 0.009542
0 0.128906 0.251908 0.220312 0.347328
0 0.312500 0.436069 0.546875 0.753817
0 0.824219 0.371183 0.314063 0.704198