0 0.698997 0.924749 0.053512 0.070234
0 0.595318 0.705686 0.020067 0.026756
0 0.588629 0.653846 0.020067 0.050167
0 0.588629 0.607023 0.020067 0.030100
0 0.237458 0.214047 0.006689 0.006689
0 0.866221 0.168896 0.006689 0.010033
0 0.290970 0.494983 0.428094 0.675585
0 0.928094 0.155518 0.003344 0.003344
0 0.931438 0.128763 0.010033 0.023411
0 0.909699 0.128763 0.006689 0.023411
0 0.839465 0.125418 0.006689 0.016722
0 0.724080 0.468227 0.304348 0.749164
0 0.928094 0.095318 0.023411 0.010033
0 0.911371 0.088629 0.003344 0.003344