0 0.787007 0.527352 0.074013 0.045952
0 0.787418 0.476477 0.004112 0.007659
0 0.769326 0.468818 0.015625 0.022976
0 0.876645 0.425602 0.050987 0.085339
0 0.761924 0.380744 0.109375 0.089716
0 0.179688 0.341357 0.038651 0.035011
0 0.878701 0.326039 0.023849 0.059081
0 0.177632 0.257659 0.027961 0.031729
0 0.720395 0.224289 0.144737 0.129103
0 0.289062 0.493982 0.390625 0.683807
0 0.419819 0.130744 0.004112 0.003282
0 0.230674 0.152079 0.046875 0.054705
0 0.644326 0.068381 0.015625 0.018600
0 0.343750 0.060722 0.062500 0.042670
0 0.659951 0.035558 0.007401 0.007659