0 0.100334 0.685619 0.013378 0.013378
0 0.882943 0.675585 0.013378 0.013378
0 0.889632 0.657191 0.006689 0.030100
0 0.780936 0.588629 0.076923 0.093645
0 0.294314 0.565217 0.033445 0.046823
0 0.782609 0.530100 0.006689 0.003344
0 0.717391 0.483278 0.003344 0.003344
0 0.688963 0.476589 0.026756 0.023411
0 0.692308 0.443144 0.020067 0.010033
0 0.772575 0.337793 0.020067 0.020067
0 0.648829 0.277592 0.006689 0.006689
0 0.668896 0.235786 0.006689 0.003344
0 0.244147 0.193980 0.033445 0.060201
0 0.693980 0.182274 0.083612 0.043478
0 0.319398 0.118729 0.003344 0.003344
0 0.648829 0.110368 0.013378 0.020067
0 0.623746 0.102007 0.003344 0.003344
0 0.337793 0.108696 0.026756 0.016722