0 0.787625 0.692308 0.030100 0.026756
0 0.795987 0.673913 0.006689 0.003344
0 0.680602 0.379599 0.016722 0.010033
0 0.722408 0.391304 0.046823 0.053512
0 0.680602 0.357860 0.003344 0.006689
0 0.334448 0.332776 0.006689 0.003344
0 0.772575 0.331104 0.040134 0.040134
0 0.677258 0.309365 0.003344 0.003344
0 0.309365 0.306020 0.003344 0.003344
0 0.657191 0.302676 0.050167 0.050167
0 0.369565 0.479933 0.183946 0.565217
0 0.680602 0.197324 0.090301 0.060201
0 0.759197 0.147157 0.060201 0.046823
0 0.655518 0.061873 0.073579 0.030100