0 0.372910 0.543478 0.010033 0.010033
0 0.755853 0.555184 0.040134 0.080268
0 0.188963 0.515050 0.010033 0.026756
0 0.409699 0.456522 0.016722 0.023411
0 0.359532 0.478261 0.076923 0.066890
0 0.745819 0.448161 0.033445 0.033445
0 0.391304 0.408027 0.100334 0.080268
0 0.662207 0.309365 0.026756 0.016722
0 0.740803 0.344482 0.056856 0.113712
0 0.381271 0.302676 0.127090 0.063545
0 0.436455 0.250836 0.016722 0.026756
0 0.635452 0.235786 0.026756 0.010033
0 0.608696 0.234114 0.006689 0.006689
0 0.396321 0.232441 0.043478 0.043478
0 0.359532 0.185619 0.110368 0.050167
0 0.660535 0.170569 0.117057 0.093645