0 0.834448 0.851171 0.023411 0.050167
0 0.822742 0.683946 0.026756 0.157191
0 0.852843 0.596990 0.013378 0.157191
0 0.093645 0.501672 0.046823 0.100334
0 0.854515 0.441472 0.016722 0.060201
0 0.887960 0.319398 0.003344 0.010033
0 0.839465 0.294314 0.033445 0.066890
0 0.707358 0.177258 0.023411 0.020067
0 0.824415 0.157191 0.010033 0.006689
0 0.270903 0.516722 0.314381 0.745819
0 0.770903 0.091973 0.010033 0.003344
0 0.697324 0.073579 0.110368 0.100334
0 0.660535 0.018395 0.003344 0.003344
0 0.637124 0.005017 0.003344 0.003344