0 0.162109 0.480469 0.003906 0.007812
0 0.312500 0.427734 0.023438 0.019531
0 0.261719 0.613281 0.257812 0.406250
0 0.685547 0.574219 0.277344 0.382812
0 0.707031 0.382812 0.015625 0.015625
0 0.171875 0.382812 0.015625 0.023438
0 0.531250 0.351562 0.031250 0.023438
0 0.619141 0.328125 0.011719 0.007812
0 0.578125 0.335938 0.054688 0.039062
0 0.443359 0.314453 0.019531 0.011719
0 0.417969 0.289062 0.007812 0.015625
0 0.603516 0.275391 0.003906 0.003906
0 0.587891 0.265625 0.019531 0.023438
0 0.644531 0.285156 0.085938 0.070312
0 0.214844 0.291016 0.109375 0.089844
0 0.300781 0.246094 0.007812 0.007812
0 0.248047 0.228516 0.003906 0.003906
0 0.433594 0.226562 0.046875 0.039062
0 0.681641 0.169922 0.035156 0.019531