0 0.572250 0.970500 0.003500 0.004000
0 0.351500 0.963000 0.008000 0.012000
0 0.617250 0.966750 0.078500 0.035500
0 0.498000 0.945500 0.043000 0.047000
0 0.074250 0.867250 0.023500 0.054500
0 0.193250 0.871250 0.269500 0.234500
0 0.048750 0.330000 0.011500 0.012000
0 0.961000 0.234250 0.016000 0.015500
0 0.961000 0.213000 0.008000 0.012000
0 0.490250 0.189500 0.003500 0.004000
0 0.064500 0.174000 0.004000 0.004000
0 0.326250 0.513500 0.566500 0.746000
0 0.500000 0.111250 0.023000 0.019500
0 0.109250 0.074250 0.070500 0.023500
0 0.566500 0.398500 0.742000 0.781000