0 0.192308 0.683946 0.016722 0.030100
0 0.871237 0.672241 0.030100 0.053512
0 0.841137 0.632107 0.010033 0.020067
0 0.814381 0.575251 0.063545 0.086957
0 0.394649 0.533445 0.113712 0.137124
0 0.374582 0.431438 0.013378 0.013378
0 0.387960 0.404682 0.107023 0.040134
0 0.780936 0.421405 0.083612 0.107023
0 0.692308 0.356187 0.066890 0.063545
0 0.396321 0.332776 0.016722 0.023411
0 0.438127 0.319398 0.006689 0.003344
0 0.785953 0.356187 0.086957 0.096990
0 0.403010 0.304348 0.023411 0.013378
0 0.653846 0.290970 0.056856 0.060201
0 0.712375 0.170569 0.100334 0.073579
0 0.352843 0.122074 0.090301 0.050167
0 0.682274 0.100334 0.113712 0.066890