0 0.064062 0.873323 0.028125 0.065574
0 0.200781 0.739940 0.004687 0.004471
0 0.380469 0.728763 0.004687 0.002981
0 0.380469 0.720566 0.004687 0.004471
0 0.260156 0.611773 0.004687 0.004471
0 0.347656 0.586438 0.007812 0.007452
0 0.217188 0.544709 0.003125 0.004471
0 0.269531 0.619225 0.257812 0.260805
0 0.208594 0.502235 0.082812 0.050671
0 0.347656 0.441133 0.085938 0.047690
0 0.193750 0.426230 0.028125 0.038748
0 0.220312 0.349478 0.012500 0.004471
0 0.228906 0.327869 0.020313 0.014903
0 0.372656 0.378539 0.114062 0.149031
0 0.769531 0.529061 0.273438 0.488823
0 0.299219 0.236215 0.004687 0.004471
0 0.653906 0.161699 0.067187 0.058122
0 0.334375 0.175857 0.137500 0.110283