0 0.110368 0.919732 0.020067 0.026756
0 0.158863 0.908027 0.010033 0.016722
0 0.795987 0.750836 0.066890 0.117057
0 0.344482 0.702341 0.020067 0.020067
0 0.739130 0.673913 0.006689 0.010033
0 0.804348 0.670569 0.016722 0.016722
0 0.284281 0.683946 0.066890 0.083612
0 0.336120 0.647157 0.023411 0.016722
0 0.785953 0.608696 0.046823 0.026756
0 0.727425 0.560201 0.030100 0.023411
0 0.408027 0.560201 0.020067 0.050167
0 0.297659 0.543478 0.040134 0.030100
0 0.349498 0.538462 0.056856 0.040134
0 0.307692 0.438127 0.026756 0.020067
0 0.336120 0.431438 0.023411 0.026756
0 0.712375 0.441472 0.093645 0.060201
0 0.680602 0.374582 0.030100 0.046823
0 0.284281 0.349498 0.006689 0.003344
0 0.314381 0.259197 0.006689 0.003344
0 0.336120 0.257525 0.010033 0.006689
0 0.700669 0.250836 0.083612 0.040134
0 0.357860 0.259197 0.140468 0.210702
0 0.249164 0.138796 0.003344 0.003344
0 0.638796 0.170569 0.120401 0.080268
0 0.346154 0.030100 0.010033 0.006689
0 0.366221 0.031773 0.023411 0.016722
0 0.638796 0.031773 0.086957 0.030100