0 0.654323 0.984272 0.003603 0.008118
0 0.872898 0.970827 0.019616 0.035008
0 0.914131 0.849569 0.023619 0.058346
0 0.783227 0.804668 0.003603 0.008118
0 0.910128 0.757737 0.015612 0.047184
0 0.794836 0.738204 0.019616 0.023338
0 0.878903 0.812532 0.038831 0.226788
0 0.808647 0.671994 0.031225 0.062405
0 0.912130 0.474632 0.019616 0.105023
0 0.929544 0.376966 0.031225 0.065956
0 0.832066 0.273465 0.007606 0.008118
0 0.818255 0.248097 0.004003 0.004059
0 0.808647 0.244039 0.008006 0.004059
0 0.160128 0.199137 0.023219 0.015728
0 0.650320 0.589802 0.308647 0.812278
0 0.218775 0.480467 0.398319 0.656520
0 0.080064 0.128869 0.012010 0.015221
0 0.701161 0.037037 0.003603 0.004059
0 0.669936 0.056570 0.058847 0.043125