0 0.121094 0.890492 0.126562 0.202037
0 0.317969 0.746180 0.114062 0.069610
0 0.818750 0.711375 0.059375 0.047538
0 0.806250 0.685908 0.003125 0.003396
0 0.403906 0.612054 0.004687 0.011885
0 0.273438 0.592530 0.171875 0.207131
0 0.240625 0.470289 0.012500 0.003396
0 0.221875 0.449066 0.078125 0.056027
0 0.282813 0.415959 0.003125 0.003396
0 0.199219 0.387097 0.023438 0.030560
0 0.224219 0.369270 0.004687 0.005093
0 0.275781 0.357385 0.004687 0.005093
0 0.351562 0.335314 0.150000 0.219015
0 0.232813 0.228353 0.003125 0.005093
0 0.284375 0.205433 0.046875 0.027165
0 0.328125 0.117148 0.087500 0.047538
0 0.716406 0.375212 0.270313 0.570458