0 0.180602 0.722408 0.167224 0.080268
0 0.319398 0.682274 0.063545 0.033445
0 0.844482 0.692308 0.170569 0.133779
0 0.732441 0.598662 0.006689 0.006689
0 0.725753 0.575251 0.026756 0.026756
0 0.321070 0.578595 0.040134 0.040134
0 0.730769 0.494983 0.103679 0.093645
0 0.382943 0.391304 0.016722 0.020067
0 0.683946 0.379599 0.016722 0.016722
0 0.775920 0.351171 0.013378 0.006689
0 0.397993 0.319398 0.040134 0.030100
0 0.637124 0.232441 0.016722 0.010033
0 0.705686 0.202341 0.073579 0.063545
0 0.269231 0.173913 0.016722 0.013378
0 0.301003 0.133779 0.006689 0.006689
0 0.349498 0.115385 0.003344 0.003344
0 0.327759 0.122074 0.013378 0.016722
0 0.670569 0.112040 0.103679 0.050167