0 0.822141 0.937500 0.128954 0.109954
0 0.654258 0.920139 0.152311 0.144676
0 0.834063 0.814525 0.003893 0.004051
0 0.931630 0.830150 0.051095 0.120949
0 0.845742 0.769676 0.035036 0.062500
0 0.884672 0.708912 0.011679 0.011574
0 0.718735 0.759838 0.156691 0.144676
0 0.703163 0.666088 0.007786 0.011574
0 0.660097 0.689525 0.039416 0.066551
0 0.406083 0.666088 0.125061 0.113426
0 0.734307 0.421875 0.366910 0.585648
0 0.062287 0.132812 0.015572 0.015625
0 0.273479 0.367188 0.382482 0.546875
0 0.593674 0.058449 0.007786 0.008102