0 0.322250 0.957250 0.066500 0.023500
0 0.322250 0.908250 0.066500 0.058500
0 0.836000 0.865250 0.008000 0.019500
0 0.834000 0.845750 0.004000 0.011500
0 0.830000 0.828000 0.012000 0.008000
0 0.838000 0.802750 0.004000 0.003500
0 0.533000 0.802750 0.004000 0.003500
0 0.533000 0.789000 0.004000 0.016000
0 0.880750 0.734250 0.011500 0.031500
0 0.544750 0.511750 0.019500 0.031500
0 0.574250 0.357500 0.007500 0.012000
0 0.062500 0.340000 0.008000 0.008000
0 0.031250 0.226750 0.015500 0.023500
0 0.084000 0.179500 0.066000 0.047000
0 0.160000 0.177750 0.039000 0.066500
0 0.812500 0.142500 0.016000 0.012000
0 0.211000 0.126750 0.016000 0.019500
0 0.310500 0.509750 0.340000 0.863500
0 0.650500 0.521500 0.426000 0.902000