0 0.082000 0.919750 0.055000 0.058500
0 0.113250 0.890500 0.007500 0.008000
0 0.892500 0.717000 0.004000 0.004000
0 0.884750 0.728500 0.035500 0.035000
0 0.810500 0.709000 0.012000 0.012000
0 0.312500 0.748000 0.172000 0.090000
0 0.394500 0.613250 0.008000 0.007500
0 0.259750 0.586000 0.214500 0.219000
0 0.410250 0.431750 0.015500 0.019500
0 0.193500 0.295000 0.004000 0.004000
0 0.267500 0.240250 0.004000 0.003500
0 0.322250 0.217000 0.003500 0.004000
0 0.285000 0.330000 0.258000 0.301000
0 0.298750 0.119250 0.113500 0.058500
0 0.726500 0.367250 0.266000 0.562500