0 0.391304 0.374582 0.020067 0.053512
0 0.772575 0.476589 0.227425 0.424749
0 0.386288 0.244147 0.003344 0.006689
0 0.381271 0.225753 0.020067 0.023411
0 0.650502 0.209030 0.003344 0.003344
0 0.640468 0.227425 0.023411 0.046823
0 0.760870 0.207358 0.110368 0.040134
0 0.242475 0.429766 0.311037 0.571906
0 0.682274 0.153846 0.107023 0.093645
0 0.357860 0.055184 0.026756 0.023411
0 0.698997 0.035117 0.086957 0.016722
0 0.630435 0.031773 0.010033 0.010033
0 0.349498 0.033445 0.050167 0.013378
0 0.175585 0.031773 0.016722 0.010033
0 0.526756 0.030100 0.030100 0.020067