0 0.466555 0.580268 0.003344 0.003344
0 0.770903 0.528428 0.010033 0.006689
0 0.802676 0.523411 0.033445 0.023411
0 0.162207 0.454849 0.036789 0.066890
0 0.889632 0.438127 0.026756 0.053512
0 0.207358 0.409699 0.006689 0.010033
0 0.759197 0.351171 0.046823 0.013378
0 0.177258 0.342809 0.026756 0.030100
0 0.881271 0.324415 0.010033 0.033445
0 0.284281 0.540134 0.381271 0.571906
0 0.719064 0.247492 0.053512 0.033445
0 0.683946 0.188963 0.063545 0.036789
0 0.742475 0.180602 0.033445 0.026756
0 0.403010 0.195652 0.063545 0.063545
0 0.234114 0.143813 0.033445 0.026756
0 0.341137 0.060201 0.046823 0.026756