0 0.285250 0.820250 0.015500 0.015500
0 0.169750 0.822250 0.027500 0.027500
0 0.193250 0.871000 0.152500 0.133000
0 0.312500 0.812500 0.023000 0.023000
0 0.824250 0.769500 0.007500 0.008000
0 0.808750 0.765750 0.015500 0.015500
0 0.849500 0.756000 0.004000 0.004000
0 0.888500 0.744000 0.004000 0.004000
0 0.341750 0.714750 0.011500 0.015500
0 0.175750 0.636750 0.007500 0.007500
0 0.259750 0.662250 0.183500 0.222500
0 0.174000 0.529500 0.004000 0.004000
0 0.232500 0.502000 0.004000 0.004000
0 0.246250 0.492250 0.015500 0.015500
0 0.209000 0.506000 0.051000 0.051000
0 0.273500 0.476500 0.008000 0.008000
0 0.333750 0.472500 0.105500 0.047000
0 0.798750 0.447250 0.011500 0.011500
0 0.787000 0.439500 0.004000 0.004000
0 0.779500 0.431750 0.004000 0.011500
0 0.199250 0.435500 0.031500 0.027000
0 0.340000 0.392750 0.133000 0.058500
0 0.244250 0.324250 0.011500 0.007500
0 0.205000 0.304750 0.035000 0.062500
0 0.232500 0.257750 0.004000 0.007500
0 0.769750 0.486250 0.273500 0.519500
0 0.683750 0.228500 0.023500 0.020000
0 0.283250 0.214750 0.074500 0.062500
0 0.320250 0.160250 0.054500 0.031500
0 0.345500 0.138500 0.004000 0.004000
0 0.658250 0.171750 0.105500 0.101500