0 0.574250 0.972750 0.039500 0.023500
0 0.322250 0.968750 0.027500 0.015500
0 0.713000 0.943500 0.168000 0.090000
0 0.070250 0.882750 0.023500 0.062500
0 0.797000 0.840000 0.008000 0.008000
0 0.804750 0.820250 0.007500 0.023500
0 0.359250 0.806750 0.023500 0.019500
0 0.199250 0.878750 0.234500 0.226500
0 0.923750 0.716750 0.019500 0.027500
0 0.908000 0.763750 0.082000 0.136500
0 0.500000 0.822250 0.172000 0.269500
0 0.966750 0.420000 0.027500 0.051000
0 0.402500 0.342000 0.008000 0.004000
0 0.886750 0.306750 0.015500 0.019500
0 0.962750 0.312500 0.027500 0.047000
0 0.951250 0.246000 0.011500 0.008000
0 0.970500 0.226500 0.004000 0.008000
0 0.814500 0.209000 0.004000 0.004000
0 0.959000 0.197250 0.004000 0.003500
0 0.925750 0.156250 0.023500 0.031500
0 0.961000 0.126750 0.016000 0.019500
0 0.806500 0.146500 0.082000 0.066000
0 0.091750 0.150500 0.074500 0.082000
0 0.127000 0.097750 0.035000 0.023500
0 0.695250 0.435500 0.320500 0.754000
0 0.242000 0.418000 0.375000 0.742000