0 0.177344 0.918647 0.035937 0.031079
0 0.113281 0.884826 0.017188 0.010969
0 0.308594 0.826325 0.032813 0.036563
0 0.152344 0.841865 0.039062 0.082267
0 0.304688 0.787020 0.015625 0.020110
0 0.235937 0.747715 0.003125 0.003656
0 0.187500 0.595978 0.009375 0.043876
0 0.310937 0.658135 0.153125 0.208410
0 0.372656 0.482633 0.067187 0.043876
0 0.373437 0.394881 0.090625 0.054845
0 0.738281 0.536563 0.235937 0.535649
0 0.326562 0.230347 0.012500 0.007313
0 0.351562 0.158135 0.062500 0.049360
0 0.636719 0.156307 0.085938 0.053016