0 0.581940 0.921405 0.006689 0.010033
0 0.566890 0.909699 0.023411 0.040134
0 0.523411 0.908027 0.023411 0.036789
0 0.494983 0.897993 0.013378 0.016722
0 0.172241 0.446488 0.023411 0.030100
0 0.257525 0.531773 0.341137 0.361204
0 0.730769 0.428094 0.224080 0.381271
0 0.275920 0.284281 0.290970 0.287625
0 0.610368 0.157191 0.096990 0.073579
0 0.068562 0.028428 0.003344 0.003344
0 0.244147 0.021739 0.020067 0.016722
0 0.163880 0.025084 0.060201 0.023411
0 0.122074 0.015050 0.003344 0.003344
0 0.093645 0.020067 0.006689 0.013378