0 0.630693 0.966874 0.057426 0.028986
0 0.681188 0.931677 0.011881 0.012422
0 0.700990 0.919255 0.003960 0.004141
0 0.716832 0.902692 0.011881 0.008282
0 0.164356 0.818841 0.015842 0.018634
0 0.072277 0.769151 0.025743 0.055901
0 0.607921 0.504141 0.043564 0.055901
0 0.072277 0.255694 0.017822 0.018634
0 0.089109 0.244306 0.007921 0.004141
0 0.054455 0.179089 0.037624 0.031056
0 0.150495 0.161491 0.027723 0.057971
0 0.064356 0.133540 0.017822 0.031056
0 0.775248 0.497930 0.401980 0.784679
0 0.357426 0.515528 0.659406 0.935818