0 0.297000 0.832000 0.008000 0.008000
0 0.498000 0.799000 0.004000 0.004000
0 0.375000 0.841750 0.117000 0.097500
0 0.468750 0.810750 0.062500 0.066500
0 0.175750 0.884750 0.195500 0.222500
0 0.738250 0.707000 0.046500 0.031000
0 0.795000 0.720750 0.035000 0.066500
0 0.578250 0.671750 0.265500 0.265500
0 0.580250 0.515750 0.027500 0.015500
0 0.926000 0.294750 0.125000 0.144500
0 0.806500 0.095500 0.004000 0.004000
0 0.625000 0.101500 0.023000 0.016000
0 0.855500 0.154500 0.219000 0.129000
0 0.726500 0.095500 0.078000 0.043000
0 0.621000 0.376750 0.414000 0.605500
0 0.168000 0.402500 0.297000 0.664000
0 0.525500 0.064500 0.004000 0.004000
0 0.168000 0.078250 0.055000 0.054500