0 0.146500 0.978500 0.004000 0.004000
0 0.378750 0.966750 0.015500 0.011500
0 0.494250 0.961000 0.011500 0.008000
0 0.203250 0.908250 0.109500 0.160500
0 0.757750 0.572250 0.406500 0.816500
0 0.713000 0.158000 0.004000 0.004000
0 0.099500 0.146500 0.004000 0.004000
0 0.074250 0.150250 0.023500 0.027500
0 0.376750 0.539000 0.691500 0.891000
0 0.357500 0.099500 0.012000 0.012000
0 0.066500 0.103500 0.031000 0.043000
0 0.199250 0.148500 0.156500 0.141000
0 0.666000 0.121250 0.160000 0.109500
0 0.533000 0.115250 0.082000 0.136500