0 0.877926 0.581940 0.043478 0.040134
0 0.321070 0.439799 0.006689 0.003344
0 0.841137 0.376254 0.003344 0.003344
0 0.881271 0.397993 0.043478 0.060201
0 0.784281 0.426421 0.110368 0.137124
0 0.260870 0.483278 0.240803 0.257525
0 0.202341 0.369565 0.030100 0.030100
0 0.892977 0.372910 0.026756 0.043478
0 0.775920 0.351171 0.013378 0.006689
0 0.869565 0.324415 0.013378 0.006689
0 0.829431 0.326087 0.060201 0.056856
0 0.319398 0.301003 0.063545 0.033445
0 0.285953 0.180602 0.090301 0.073579
0 0.677258 0.158863 0.050167 0.043478
0 0.382943 0.130435 0.063545 0.046823