0 0.191209 0.973140 0.021978 0.016529
0 0.570330 0.972107 0.032967 0.022727
0 0.279121 0.945248 0.013187 0.014463
0 0.291209 0.935950 0.002198 0.004132
0 0.301099 0.933884 0.008791 0.008264
0 0.839560 0.949380 0.109890 0.076446
0 0.470330 0.881198 0.026374 0.051653
0 0.626374 0.809917 0.004396 0.004132
0 0.613187 0.811983 0.087912 0.219008
0 0.490110 0.293388 0.013187 0.016529
0 0.087912 0.178719 0.065934 0.039256
0 0.141758 0.162190 0.019780 0.018595
0 0.113187 0.136364 0.032967 0.024793
0 0.162637 0.123967 0.004396 0.004132
0 0.135165 0.109504 0.041758 0.024793
0 0.779121 0.470041 0.362637 0.816116
0 0.273626 0.476240 0.459341 0.845041