0 0.822250 0.970500 0.003500 0.004000
0 0.574250 0.961000 0.007500 0.008000
0 0.103500 0.964750 0.012000 0.015500
0 0.486250 0.960750 0.027500 0.023500
0 0.519500 0.867250 0.008000 0.007500
0 0.527250 0.832250 0.023500 0.023500
0 0.513750 0.787000 0.011500 0.012000
0 0.556500 0.793000 0.051000 0.086000
0 0.566250 0.717000 0.015500 0.043000
0 0.545000 0.685500 0.012000 0.012000
0 0.968750 0.365250 0.007500 0.011500
0 0.201000 0.560750 0.332000 0.855500
0 0.939500 0.105250 0.012000 0.023500
0 0.666000 0.429750 0.363000 0.703500
0 0.082000 0.080000 0.016000 0.012000
0 0.890750 0.189250 0.179500 0.269500