0 0.199250 0.910250 0.015500 0.015500
0 0.925750 0.855250 0.007500 0.023500
0 0.908250 0.796750 0.027500 0.062500
0 0.912000 0.748000 0.004000 0.004000
0 0.158250 0.720750 0.027500 0.019500
0 0.334000 0.695500 0.027000 0.047000
0 0.791000 0.681500 0.035000 0.043000
0 0.343750 0.605250 0.015500 0.023500
0 0.785000 0.588000 0.078000 0.074000
0 0.695250 0.554750 0.007500 0.007500
0 0.353500 0.361500 0.004000 0.004000
0 0.253750 0.466750 0.226500 0.558500
0 0.720500 0.365250 0.254000 0.378500
0 0.330000 0.154250 0.090000 0.050500
0 0.654250 0.140500 0.066500 0.047000