0 0.605263 0.965726 0.008097 0.008065
0 0.369433 0.968750 0.026316 0.014113
0 0.314777 0.964718 0.026316 0.014113
0 0.195344 0.962702 0.204453 0.050403
0 0.077935 0.954637 0.014170 0.034274
0 0.080972 0.834677 0.004049 0.004032
0 0.283401 0.790323 0.012146 0.012097
0 0.093117 0.793347 0.016194 0.038306
0 0.298583 0.774194 0.026316 0.016129
0 0.229757 0.738911 0.046559 0.046371
0 0.092105 0.439516 0.034413 0.044355
0 0.141700 0.203629 0.004049 0.008065
0 0.138664 0.183468 0.002024 0.008065
0 0.503036 0.404234 0.827935 0.723790
0 0.258097 0.033266 0.038462 0.018145
0 0.199393 0.027218 0.038462 0.014113