0 0.103500 0.962750 0.020000 0.027500
0 0.701000 0.943250 0.254000 0.074500
0 0.164000 0.943500 0.133000 0.090000
0 0.724750 0.890750 0.019500 0.023500
0 0.656250 0.879000 0.023500 0.031000
0 0.603500 0.763500 0.004000 0.004000
0 0.711000 0.763750 0.164000 0.160500
0 0.080000 0.224500 0.012000 0.012000
0 0.148500 0.169750 0.039000 0.027500
0 0.080000 0.138500 0.004000 0.004000
0 0.092000 0.123000 0.004000 0.012000
0 0.068250 0.087750 0.027500 0.019500
0 0.341750 0.445250 0.527500 0.812500
0 0.836000 0.312500 0.305000 0.602000