0 0.072250 0.900500 0.003500 0.004000
0 0.099500 0.914000 0.035000 0.047000
0 0.838000 0.650500 0.004000 0.004000
0 0.920000 0.537000 0.004000 0.004000
0 0.920000 0.529500 0.004000 0.004000
0 0.892500 0.521500 0.035000 0.074000
0 0.906250 0.400500 0.007500 0.012000
0 0.879000 0.277500 0.047000 0.039000
0 0.869250 0.187500 0.011500 0.008000
0 0.865250 0.177750 0.003500 0.003500
0 0.834000 0.171750 0.043000 0.031500
0 0.291000 0.435500 0.301000 0.684000
0 0.340000 0.043000 0.078000 0.047000
0 0.759750 0.404250 0.339500 0.800500