0 0.742250 0.972750 0.023500 0.023500
0 0.074250 0.943250 0.007500 0.011500
0 0.888500 0.880750 0.004000 0.027500
0 0.957000 0.814500 0.016000 0.027000
0 0.892750 0.820500 0.027500 0.086000
0 0.953250 0.750000 0.015500 0.016000
0 0.720500 0.603500 0.004000 0.004000
0 0.881000 0.588000 0.004000 0.004000
0 0.925750 0.644500 0.117500 0.164000
0 0.967000 0.455000 0.004000 0.004000
0 0.720750 0.363250 0.019500 0.015500
0 0.839750 0.152250 0.023500 0.023500
0 0.328250 0.134750 0.023500 0.027500
0 0.271500 0.119000 0.012000 0.004000
0 0.502000 0.556500 0.973000 0.879000
0 0.304750 0.119250 0.015500 0.019500
0 0.259750 0.109250 0.011500 0.023500
0 0.353500 0.084000 0.027000 0.035000
0 0.775500 0.037000 0.012000 0.004000
0 0.730500 0.035000 0.008000 0.008000
0 0.668000 0.033250 0.078000 0.011500
0 0.283250 0.060500 0.074500 0.082000
0 0.529250 0.060500 0.152500 0.090000