0 0.888604 0.972585 0.003080 0.007833
0 0.421971 0.970627 0.016427 0.003916
0 0.646304 0.970627 0.019507 0.011749
0 0.761294 0.968668 0.023614 0.015666
0 0.175565 0.958877 0.030801 0.035248
0 0.560575 0.954961 0.082136 0.066580
0 0.201232 0.929504 0.026694 0.015666
0 0.476386 0.945170 0.039014 0.054830
0 0.388604 0.945170 0.128337 0.070496
0 0.374743 0.859008 0.039014 0.093995
0 0.601643 0.777415 0.078029 0.155352
0 0.712526 0.548956 0.355236 0.878590
0 0.294661 0.545039 0.394251 0.878590
0 0.689425 0.041123 0.042094 0.050914