0 0.589650 0.966952 0.023324 0.019584
0 0.306851 0.886781 0.183673 0.101591
0 0.579810 0.742350 0.019679 0.069767
0 0.584184 0.675643 0.003644 0.007344
0 0.583819 0.558752 0.011662 0.015912
0 0.494169 0.560588 0.011662 0.019584
0 0.599490 0.279682 0.003644 0.003672
0 0.140671 0.253978 0.132653 0.133415
0 0.750000 0.166463 0.016035 0.019584
0 0.732507 0.511628 0.269679 0.812729
0 0.353499 0.525704 0.386297 0.862913
0 0.754009 0.075887 0.077988 0.058752
0 0.267857 0.042840 0.019679 0.007344
0 0.129009 0.091799 0.062682 0.105263