0 0.155987 0.699167 0.047269 0.038333
0 0.828256 0.494167 0.015756 0.028333
0 0.814076 0.640833 0.113445 0.335000
0 0.247899 0.576667 0.214286 0.206667
0 0.771534 0.408333 0.011555 0.020000
0 0.740021 0.400833 0.011555 0.011667
0 0.295168 0.415833 0.058824 0.058333
0 0.793067 0.386667 0.008403 0.006667
0 0.736345 0.339167 0.073529 0.055000
0 0.446954 0.265833 0.011555 0.015000
0 0.328256 0.245833 0.007353 0.008333
0 0.704832 0.255833 0.081933 0.075000
0 0.709034 0.177500 0.081933 0.121667
0 0.341912 0.235000 0.238445 0.296667
0 0.646534 0.072500 0.089286 0.098333