0 0.904372 0.805093 0.004098 0.015741
0 0.146516 0.798611 0.003415 0.012037
0 0.763661 0.709259 0.004098 0.003704
0 0.763661 0.700926 0.004098 0.003704
0 0.740096 0.646296 0.066257 0.105556
0 0.915984 0.683796 0.144809 0.226852
0 0.738388 0.531481 0.031421 0.077778
0 0.056694 0.523611 0.058743 0.093519
0 0.084016 0.466667 0.004098 0.003704
0 0.076161 0.466667 0.003415 0.003704
0 0.099385 0.449537 0.011612 0.015741
0 0.722678 0.435648 0.008197 0.012037
0 0.701161 0.398148 0.019809 0.038889
0 0.646516 0.425926 0.120902 0.257407
0 0.982240 0.251852 0.004098 0.003704
0 0.300888 0.492130 0.320355 0.586111
0 0.492145 0.243981 0.038934 0.097222
0 0.566598 0.211111 0.038934 0.116667
0 0.855533 0.125000 0.242486 0.242593