0 0.810592 0.982253 0.004771 0.004630
0 0.767653 0.820216 0.065840 0.109568
0 0.726622 0.716821 0.016221 0.010802
0 0.748092 0.628858 0.003817 0.007716
0 0.767176 0.591821 0.003817 0.004630
0 0.750000 0.496142 0.022901 0.023148
0 0.939408 0.491512 0.073473 0.109568
0 0.722805 0.382716 0.023855 0.046296
0 0.826336 0.660494 0.145038 0.648148
0 0.707061 0.325617 0.030534 0.027778
0 0.779580 0.300926 0.097328 0.055556
0 0.810592 0.263889 0.004771 0.003086
0 0.691317 0.267747 0.008588 0.010802
0 0.953244 0.262346 0.015267 0.015432
0 0.226622 0.232253 0.008588 0.010802
0 0.767176 0.215278 0.003817 0.007716
0 0.960878 0.222994 0.030534 0.063272
0 0.935592 0.136574 0.004771 0.007716
0 0.630725 0.347994 0.238550 0.461420
0 0.291031 0.525463 0.324427 0.825617
0 0.636927 0.125000 0.023855 0.040123
0 0.402672 0.066358 0.007634 0.009259
0 0.613073 0.053241 0.046756 0.035494
0 0.443225 0.037037 0.020038 0.018519
0 0.378817 0.025463 0.015267 0.010802