0 0.869245 0.888641 0.011050 0.020045
0 0.687385 0.840200 0.008287 0.007795
0 0.279466 0.878619 0.183241 0.124722
0 0.613720 0.605791 0.015654 0.031180
0 0.540976 0.615256 0.043278 0.065702
0 0.611418 0.510022 0.003683 0.004454
0 0.613260 0.487751 0.007366 0.015590
0 0.613260 0.472717 0.007366 0.007795
0 0.560313 0.437639 0.011971 0.015590
0 0.713168 0.400334 0.011971 0.018931
0 0.568600 0.345768 0.011971 0.018931
0 0.716851 0.335746 0.004604 0.007795
0 0.656538 0.363029 0.093923 0.202673
0 0.710866 0.616927 0.397790 0.757238
0 0.644567 0.222717 0.180479 0.149220
0 0.261510 0.505568 0.421731 0.792873
0 0.705341 0.117483 0.034991 0.023385
0 0.603591 0.124722 0.026703 0.046771
0 0.326427 0.093541 0.019337 0.015590
0 0.361418 0.074610 0.035912 0.015590
0 0.738490 0.031737 0.031308 0.038976