0 0.881194 0.722948 0.019144 0.046642
0 0.871059 0.680970 0.007883 0.003731
0 0.954955 0.539179 0.011261 0.022388
0 0.796734 0.566231 0.061937 0.147388
0 0.949324 0.500000 0.015766 0.022388
0 0.663851 0.199627 0.007883 0.007463
0 0.595721 0.194963 0.020270 0.016791
0 0.956644 0.339552 0.039414 0.343284
0 0.701014 0.146455 0.034910 0.035448
0 0.619369 0.140858 0.121622 0.069030
0 0.663851 0.076493 0.007883 0.011194
0 0.267455 0.472948 0.300676 0.811567
0 0.660473 0.062500 0.007883 0.009328
0 0.603604 0.039179 0.011261 0.007463
0 0.644707 0.037313 0.023649 0.026119