0 0.818750 0.846667 0.027500 0.066667
0 0.830000 0.708333 0.035000 0.096667
0 0.106250 0.630000 0.007500 0.020000
0 0.093750 0.626667 0.007500 0.026667
0 0.796250 0.531667 0.007500 0.030000
0 0.763750 0.443333 0.012500 0.020000
0 0.068750 0.298333 0.012500 0.023333
0 0.965000 0.276667 0.025000 0.026667
0 0.810000 0.270000 0.020000 0.040000
0 0.125000 0.338333 0.170000 0.410000
0 0.323750 0.518333 0.287500 0.776667
0 0.888750 0.168333 0.082500 0.110000
0 0.787500 0.176667 0.105000 0.133333
0 0.635000 0.291667 0.255000 0.483333
0 0.650000 0.045000 0.005000 0.003333