0 0.593750 0.876667 0.032500 0.066667
0 0.708750 0.908333 0.182500 0.176667
0 0.047500 0.458333 0.040000 0.070000
0 0.038750 0.351667 0.032500 0.030000
0 0.647500 0.545000 0.305000 0.663333
0 0.252500 0.518333 0.310000 0.690000
0 0.032500 0.173333 0.020000 0.033333
0 0.748750 0.195000 0.067500 0.090000
0 0.172500 0.133333 0.015000 0.020000
0 0.666250 0.163333 0.082500 0.093333
0 0.256250 0.096667 0.002500 0.006667
0 0.247500 0.091667 0.005000 0.003333
0 0.676250 0.066667 0.087500 0.086667
0 0.168750 0.061667 0.132500 0.076667
0 0.666250 0.011667 0.002500 0.010000