0 0.691280 0.757752 0.015471 0.015504
0 0.630802 0.771802 0.081575 0.121124
0 0.958861 0.459302 0.011955 0.011628
0 0.884669 0.382752 0.004219 0.007752
0 0.831927 0.369186 0.015471 0.034884
0 0.927567 0.390504 0.050633 0.085271
0 0.863221 0.329942 0.054149 0.059109
0 0.894515 0.298450 0.008439 0.003876
0 0.892405 0.290698 0.004219 0.003876
0 0.800633 0.281008 0.007736 0.015504
0 0.855485 0.212694 0.062588 0.113372
0 0.277426 0.533430 0.414205 0.847868
0 0.716948 0.486434 0.324191 0.903101
0 0.318214 0.029070 0.003516 0.003876