0 0.222547 0.953125 0.038551 0.047697
0 0.125000 0.650493 0.007009 0.011513
0 0.141355 0.613487 0.030374 0.055921
0 0.830023 0.568257 0.003505 0.004934
0 0.123832 0.560033 0.004673 0.011513
0 0.830607 0.527138 0.011682 0.054276
0 0.576519 0.410362 0.019860 0.031250
0 0.588201 0.328125 0.019860 0.031250
0 0.679907 0.265625 0.046729 0.024671
0 0.605724 0.254112 0.008178 0.014803
0 0.629089 0.179276 0.015187 0.016447
0 0.359229 0.406250 0.398364 0.631579
0 0.799065 0.462993 0.308411 0.870066
0 0.855724 0.029605 0.015187 0.036184