0 0.158801 0.900202 0.065051 0.074597
0 0.806760 0.848790 0.082908 0.120968
0 0.798469 0.729839 0.066327 0.108871
0 0.793367 0.589718 0.040816 0.094758
0 0.704719 0.466734 0.011480 0.010081
0 0.693240 0.399194 0.011480 0.016129
0 0.227041 0.169355 0.007653 0.012097
0 0.630740 0.155242 0.003827 0.004032
0 0.232143 0.549395 0.323980 0.800403
0 0.728954 0.133065 0.011480 0.016129
0 0.658163 0.308468 0.270408 0.383065
0 0.642219 0.114919 0.003827 0.004032
0 0.626913 0.106855 0.011480 0.004032
0 0.572704 0.142137 0.058673 0.082661
0 0.612883 0.056452 0.039541 0.020161
0 0.660077 0.048387 0.016582 0.020161
0 0.679847 0.038306 0.007653 0.008065