0 0.542977 0.929584 0.023760 0.031191
0 0.755765 0.941399 0.105521 0.102079
0 0.628931 0.875236 0.047519 0.047259
0 0.242138 0.843573 0.016073 0.046314
0 0.675751 0.810491 0.054507 0.050095
0 0.808526 0.693289 0.093641 0.167297
0 0.799092 0.496219 0.027254 0.039698
0 0.197414 0.273629 0.051013 0.038752
0 0.695318 0.343573 0.180294 0.210775
0 0.109364 0.226371 0.085954 0.038752
0 0.699161 0.212665 0.031447 0.043478
0 0.372816 0.480624 0.277428 0.664461
0 0.681691 0.132798 0.229909 0.188091
0 0.740042 0.039225 0.058700 0.070888