0 0.625000 0.959112 0.031250 0.035047
0 0.082031 0.898364 0.016335 0.039720
0 0.847656 0.853972 0.007812 0.011682
0 0.536932 0.787383 0.051136 0.151869
0 0.564276 0.716706 0.012074 0.019860
0 0.142401 0.286799 0.012074 0.026869
0 0.886719 0.187500 0.023438 0.038551
0 0.076349 0.125000 0.012074 0.007009
0 0.218750 0.139019 0.055398 0.058411
0 0.265625 0.439252 0.336648 0.668224
0 0.265625 0.119159 0.055398 0.051402
0 0.728338 0.460864 0.340199 0.758178
0 0.941406 0.095794 0.031960 0.035047
0 0.884943 0.080023 0.004261 0.003505
0 0.296875 0.094042 0.015625 0.031542
0 0.117188 0.098131 0.046875 0.056075