0 0.794643 0.825994 0.128968 0.262784
0 0.849702 0.693182 0.018849 0.082386
0 0.773810 0.367188 0.007937 0.007102
0 0.974206 0.284801 0.011905 0.024148
0 0.949405 0.312500 0.039683 0.085227
0 0.974206 0.267756 0.003968 0.004261
0 0.974206 0.259233 0.003968 0.004261
0 0.681548 0.154119 0.011905 0.012784
0 0.294643 0.534801 0.355159 0.774148
0 0.680060 0.289062 0.195437 0.336648
0 0.035218 0.115057 0.022817 0.028409
0 0.941468 0.152699 0.055556 0.149148
0 0.032738 0.053267 0.003968 0.004261
0 0.759921 0.054688 0.121032 0.100852