0 0.751761 0.775568 0.128521 0.215909
0 0.810739 0.658381 0.003521 0.004261
0 0.890845 0.519886 0.038732 0.039773
0 0.792694 0.503551 0.007923 0.015625
0 0.786972 0.490767 0.003521 0.004261
0 0.822183 0.509943 0.082746 0.247159
0 0.832306 0.349432 0.007923 0.019886
0 0.789173 0.312500 0.007923 0.008523
0 0.896567 0.162642 0.004401 0.004261
0 0.814701 0.111506 0.011444 0.012784
0 0.665933 0.245739 0.238556 0.289773
0 0.301056 0.495739 0.320423 0.821023
0 0.849472 0.107955 0.089789 0.113636
0 0.900528 0.058949 0.019366 0.024148