0 0.845766 0.913820 0.011425 0.023292
0 0.847446 0.883152 0.008065 0.014752
0 0.506048 0.904503 0.043011 0.057453
0 0.296707 0.876941 0.031586 0.027174
0 0.525538 0.857531 0.004032 0.003882
0 0.532930 0.853649 0.004032 0.003882
0 0.230511 0.750000 0.016129 0.023292
0 0.232527 0.728649 0.004032 0.003882
0 0.824261 0.630823 0.015457 0.034938
0 0.345430 0.580357 0.004032 0.003882
0 0.312500 0.601708 0.030914 0.054348
0 0.814516 0.538820 0.012097 0.015528
0 0.786962 0.529115 0.004032 0.003882
0 0.814516 0.476708 0.012097 0.015528
0 0.789315 0.373059 0.023522 0.034938
0 0.884745 0.353649 0.003360 0.003882
0 0.720430 0.322593 0.004032 0.003882
0 0.857527 0.328028 0.129032 0.140528
0 0.072245 0.242236 0.011425 0.023292
0 0.216734 0.215062 0.011425 0.015528
0 0.130712 0.171972 0.191532 0.109472
0 0.375000 0.117236 0.008065 0.007764
0 0.451277 0.529503 0.644489 0.917702
0 0.738239 0.148292 0.195565 0.180124