0 0.456909 0.976164 0.007429 0.007761
0 0.367385 0.970621 0.015602 0.018847
0 0.275260 0.970621 0.058692 0.018847
0 0.148588 0.970621 0.023774 0.027716
0 0.412333 0.962860 0.019316 0.027716
0 0.400446 0.888581 0.074294 0.089800
0 0.480684 0.792683 0.031204 0.062084
0 0.474368 0.681818 0.003715 0.004435
0 0.591753 0.755543 0.253343 0.464523
0 0.582095 0.525499 0.008172 0.011086
0 0.222511 0.201220 0.023031 0.049889
0 0.287147 0.531042 0.370728 0.851441
0 0.716939 0.500000 0.355126 0.875831
0 0.679792 0.033259 0.007429 0.011086