0 0.661859 0.960859 0.027244 0.030303
0 0.330128 0.954545 0.035256 0.042929
0 0.443109 0.949495 0.105769 0.070707
0 0.425481 0.867424 0.008013 0.007576
0 0.148237 0.707071 0.008013 0.015152
0 0.460737 0.730429 0.187500 0.241162
0 0.543269 0.558712 0.008013 0.023990
0 0.949119 0.224747 0.039263 0.042929
0 0.154247 0.097854 0.020032 0.016414
0 0.904647 0.113636 0.097756 0.085859
0 0.146635 0.078283 0.019231 0.022727
0 0.095753 0.070707 0.004006 0.007576
0 0.314103 0.359217 0.347756 0.594697
0 0.712740 0.486111 0.245994 0.878788