0 0.605565 0.970627 0.015018 0.011749
0 0.672261 0.972585 0.054770 0.031332
0 0.654152 0.911880 0.043286 0.011749
0 0.605565 0.902089 0.023852 0.039164
0 0.248233 0.909922 0.090106 0.062663
0 0.857774 0.639034 0.019435 0.035248
0 0.740283 0.804830 0.316254 0.382507
0 0.589664 0.556789 0.023852 0.035248
0 0.595406 0.478460 0.035336 0.066580
0 0.589664 0.402089 0.007951 0.007833
0 0.246025 0.341384 0.039753 0.043081
0 0.279594 0.253916 0.027385 0.022193
0 0.796820 0.197781 0.038869 0.043081
0 0.742049 0.367493 0.219081 0.453003
0 0.340106 0.511749 0.445230 0.788512
0 0.708922 0.054830 0.027385 0.039164
0 0.376767 0.041123 0.027385 0.043081