0 0.931861 0.763816 0.012218 0.011842
0 0.966635 0.759868 0.019737 0.027632
0 0.861372 0.671711 0.027256 0.046053
0 0.255639 0.714474 0.199248 0.202632
0 0.226504 0.591447 0.054511 0.059211
0 0.253759 0.509868 0.039474 0.051316
0 0.783365 0.480263 0.019737 0.047368
0 0.134868 0.407895 0.034774 0.073684
0 0.300752 0.351316 0.007519 0.015789
0 0.146617 0.460526 0.065789 0.234211
0 0.130639 0.345395 0.003759 0.003947
0 0.316259 0.325658 0.015977 0.011842
0 0.925752 0.144737 0.046992 0.047368
0 0.803102 0.070395 0.128759 0.093421