0 0.716747 0.943568 0.004006 0.003641
0 0.519231 0.923544 0.008013 0.012136
0 0.648237 0.918083 0.125000 0.132282
0 0.831731 0.771845 0.008013 0.012136
0 0.570112 0.725121 0.023237 0.035194
0 0.552484 0.652306 0.012019 0.040049
0 0.953125 0.578277 0.007212 0.015777
0 0.109375 0.486044 0.085737 0.066748
0 0.870994 0.386529 0.024038 0.047330
0 0.466747 0.271238 0.004006 0.003641
0 0.314103 0.550364 0.285256 0.734223
0 0.912260 0.154733 0.004006 0.003641
0 0.220753 0.097694 0.028045 0.030340
0 0.667869 0.410194 0.406250 0.665049
0 0.877003 0.131068 0.074519 0.114078
0 0.146234 0.072209 0.004006 0.003641
0 0.158253 0.068568 0.004006 0.003641
0 0.158253 0.060680 0.004006 0.004854