0 0.742126 0.743952 0.007874 0.012097
0 0.843504 0.732527 0.015748 0.043011
0 0.788878 0.486559 0.109252 0.317204
0 0.704724 0.343414 0.019685 0.030914
0 0.676181 0.312500 0.007874 0.006720
0 0.673720 0.263441 0.050197 0.051075
0 0.216535 0.242608 0.019685 0.030914
0 0.662402 0.200941 0.003937 0.004032
0 0.553150 0.196909 0.011811 0.012097
0 0.513780 0.198925 0.027559 0.069892
0 0.676181 0.144489 0.015748 0.014785
0 0.302657 0.482527 0.363189 0.690860
0 0.553150 0.142473 0.019685 0.034946
0 0.755906 0.027554 0.019685 0.014785