0 0.875000 0.793134 0.055085 0.188380
0 0.878708 0.671655 0.007415 0.015845
0 0.875000 0.642606 0.008475 0.028169
0 0.851695 0.538732 0.014831 0.031690
0 0.822034 0.501761 0.027542 0.028169
0 0.189619 0.320423 0.004237 0.007042
0 0.218750 0.272887 0.030720 0.038732
0 0.290784 0.250000 0.020127 0.024648
0 0.925847 0.206866 0.008475 0.008803
0 0.157839 0.193662 0.004237 0.003521
0 0.316208 0.187500 0.030720 0.040493
0 0.947034 0.154930 0.004237 0.003521
0 0.757945 0.157570 0.015890 0.051056
0 0.849576 0.136444 0.059322 0.054577
0 0.677966 0.282570 0.324153 0.371479
0 0.289195 0.435739 0.296610 0.730634
0 0.759534 0.043134 0.027542 0.022887