0 0.869238 0.828297 0.034574 0.101648
0 0.929521 0.778846 0.007979 0.019231
0 0.904255 0.652473 0.003546 0.008242
0 0.849734 0.655907 0.004433 0.015110
0 0.843972 0.617445 0.015957 0.023352
0 0.822252 0.613324 0.043440 0.086538
0 0.937500 0.690934 0.093085 0.258242
0 0.919770 0.459478 0.004433 0.004121
0 0.892730 0.432005 0.003546 0.004121
0 0.917996 0.320055 0.085993 0.266484
0 0.236259 0.177885 0.004433 0.004121
0 0.279255 0.462912 0.324468 0.752747
0 0.673759 0.402473 0.308511 0.733516
0 0.187500 0.031593 0.007979 0.008242
0 0.912234 0.099588 0.120567 0.190934
0 0.822252 0.006181 0.004433 0.004121