0 0.390597 0.963178 0.016275 0.011628
0 0.476492 0.959302 0.023508 0.042636
0 0.570524 0.959302 0.054250 0.065891
0 0.863472 0.799096 0.124774 0.293282
0 0.826401 0.613049 0.043400 0.071059
0 0.797016 0.500000 0.038879 0.077519
0 0.603526 0.667959 0.143761 0.444444
0 0.720615 0.416021 0.003617 0.005168
0 0.554702 0.417959 0.031646 0.055556
0 0.787071 0.366925 0.011754 0.031008
0 0.078210 0.189276 0.008137 0.003876
0 0.298825 0.545220 0.362568 0.824289
0 0.681736 0.273902 0.215190 0.320413
0 0.679476 0.050388 0.055154 0.046512