0 0.500000 0.968970 0.008114 0.008463
0 0.257606 0.954866 0.054767 0.019746
0 0.849899 0.939351 0.004057 0.002821
0 0.316430 0.939351 0.008114 0.002821
0 0.679513 0.949224 0.172414 0.093089
0 0.328600 0.890691 0.054767 0.032440
0 0.818458 0.875176 0.012170 0.015515
0 0.857505 0.855430 0.065923 0.139633
0 0.859026 0.718618 0.054767 0.094499
0 0.404665 0.653738 0.004057 0.004231
0 0.593306 0.631171 0.210953 0.472496
0 0.419878 0.382934 0.004057 0.007052
0 0.503550 0.343441 0.031440 0.046544
0 0.466531 0.267983 0.012170 0.011283
0 0.728702 0.385049 0.293103 0.496474
0 0.306795 0.545134 0.378296 0.909732
0 0.308824 0.072638 0.031440 0.026798
0 0.646552 0.054302 0.035497 0.046544