0 0.738147 0.867378 0.015086 0.024390
0 0.334052 0.750000 0.028017 0.015244
0 0.380927 0.492378 0.026940 0.024390
0 0.165948 0.448933 0.034483 0.062500
0 0.359375 0.406250 0.022629 0.016768
0 0.072198 0.331555 0.090517 0.202744
0 0.732220 0.554878 0.246767 0.719512
0 0.464978 0.236280 0.054957 0.097561
0 0.537177 0.177591 0.011853 0.010671
0 0.574353 0.163872 0.047414 0.032012
0 0.275323 0.484756 0.309267 0.719512
0 0.726832 0.130335 0.078664 0.035061
0 0.394397 0.121189 0.015086 0.022866
0 0.355603 0.043445 0.008621 0.007622