0 0.568598 0.967233 0.019817 0.019417
0 0.486280 0.873786 0.004573 0.004854
0 0.687500 0.918083 0.117378 0.132282
0 0.726372 0.748180 0.007622 0.010922
0 0.412348 0.762136 0.019817 0.038835
0 0.531250 0.810073 0.109756 0.214806
0 0.543064 0.695388 0.008384 0.007282
0 0.552591 0.662621 0.035061 0.050971
0 0.523247 0.482403 0.023628 0.066748
0 0.947027 0.273058 0.051067 0.101942
0 0.886814 0.160194 0.070884 0.109223
0 0.287348 0.498180 0.285061 0.879854
0 0.685595 0.427791 0.316311 0.816748
0 0.343750 0.025485 0.032012 0.026699