0 0.683824 0.943000 0.008170 0.012000
0 0.589869 0.918000 0.031046 0.040000
0 0.058824 0.766000 0.070261 0.258000
0 0.800654 0.539000 0.008170 0.008000
0 0.035131 0.547000 0.016340 0.094000
0 0.029003 0.488000 0.004085 0.008000
0 0.031046 0.465000 0.008170 0.024000
0 0.796569 0.322500 0.039216 0.059000
0 0.823938 0.273500 0.015523 0.023000
0 0.053105 0.205000 0.019608 0.036000
0 0.265523 0.449500 0.272876 0.609000
0 0.765931 0.119000 0.015523 0.028000
0 0.142565 0.105500 0.004085 0.007000
0 0.736111 0.514000 0.401961 0.848000
0 0.732435 0.082000 0.018791 0.008000
0 0.066176 0.119000 0.031046 0.082000
0 0.243873 0.070500 0.144608 0.133000