0 0.826220 0.962963 0.004573 0.003086
0 0.804878 0.894290 0.047256 0.171296
0 0.831936 0.728395 0.148628 0.246914
0 0.886814 0.483025 0.016006 0.043210
0 0.156250 0.341821 0.007622 0.026235
0 0.173780 0.279321 0.012195 0.027778
0 0.123095 0.238426 0.019055 0.023148
0 0.626905 0.211420 0.011433 0.015432
0 0.158155 0.209105 0.011433 0.020062
0 0.197027 0.202932 0.051067 0.063272
0 0.345655 0.490741 0.253811 0.660494
0 0.458841 0.196759 0.097561 0.081790
0 0.665777 0.160494 0.066311 0.086420
0 0.886814 0.049383 0.086128 0.089506