0 0.470475 0.962611 0.003834 0.003802
0 0.480445 0.927757 0.016104 0.027883
0 0.718558 0.939797 0.062883 0.105196
0 0.501917 0.892902 0.011503 0.011407
0 0.541028 0.865019 0.043712 0.026616
0 0.620782 0.891001 0.125000 0.172370
0 0.575920 0.814322 0.035276 0.059569
0 0.541028 0.619138 0.003834 0.003802
0 0.814417 0.411914 0.019939 0.035488
0 0.917945 0.316857 0.023006 0.086185
0 0.876917 0.142586 0.034509 0.059569
0 0.312500 0.529151 0.351994 0.855513
0 0.357362 0.082383 0.019939 0.015209
0 0.738497 0.494297 0.335890 0.894804
0 0.085890 0.051331 0.030675 0.046895