0 0.798790 0.915833 0.012097 0.018333
0 0.754032 0.875000 0.016129 0.030000
0 0.763710 0.825833 0.011290 0.028333
0 0.789113 0.793333 0.039516 0.116667
0 0.732258 0.761667 0.035484 0.053333
0 0.742339 0.695000 0.023387 0.040000
0 0.769758 0.681667 0.023387 0.060000
0 0.763710 0.638333 0.003226 0.003333
0 0.760081 0.630833 0.004032 0.005000
0 0.775403 0.601667 0.042742 0.063333
0 0.914113 0.738333 0.133065 0.506667
0 0.970565 0.435833 0.004032 0.005000
0 0.972581 0.390833 0.016129 0.038333
0 0.271774 0.226667 0.019355 0.030000
0 0.540726 0.171667 0.004032 0.006667
0 0.646371 0.350000 0.144355 0.386667
0 0.318145 0.476667 0.355645 0.703333
0 0.486290 0.119167 0.003226 0.005000
0 0.462903 0.070000 0.066129 0.040000
0 0.406048 0.029167 0.015323 0.018333