0 0.492063 0.968837 0.070106 0.030698
0 0.722553 0.954884 0.046958 0.026977
0 0.607143 0.861395 0.003968 0.003721
0 0.724868 0.662326 0.003968 0.003721
0 0.314484 0.580000 0.363095 0.808372
0 0.236111 0.170233 0.003968 0.003721
0 0.277116 0.158605 0.007937 0.019535
0 0.273479 0.138605 0.007275 0.011163
0 0.943452 0.122791 0.035053 0.035349
0 0.718915 0.103721 0.007937 0.012093
0 0.771495 0.097674 0.035053 0.063256
0 0.775132 0.060465 0.003968 0.003721
0 0.437500 0.070698 0.046958 0.039070
0 0.718915 0.476279 0.406085 0.859535