0 0.818135 0.832500 0.011270 0.015000
0 0.851947 0.830000 0.023566 0.066667
0 0.785348 0.769167 0.054303 0.078333
0 0.837602 0.709167 0.019467 0.051667
0 0.709016 0.424167 0.026639 0.035000
0 0.718750 0.379167 0.054303 0.038333
0 0.907787 0.474167 0.129098 0.238333
0 0.058914 0.390833 0.023566 0.095000
0 0.757684 0.320833 0.007172 0.008333
0 0.744365 0.305000 0.011270 0.016667
0 0.052766 0.277500 0.019467 0.101667
0 0.255635 0.484167 0.363730 0.765000
0 0.757684 0.195833 0.367828 0.241667
0 0.785348 0.027500 0.007172 0.008333