0 0.113478 0.929422 0.031425 0.039116
0 0.138617 0.908163 0.003492 0.003401
0 0.646299 0.755952 0.050978 0.035714
0 0.644553 0.667942 0.078212 0.031463
0 0.566341 0.523384 0.069832 0.055272
0 0.574022 0.448980 0.023743 0.023810
0 0.541201 0.451105 0.019553 0.028061
0 0.454958 0.351616 0.011872 0.016156
0 0.445182 0.240221 0.046788 0.082483
0 0.824372 0.181548 0.007682 0.004252
0 0.726606 0.171769 0.046788 0.039116
0 0.601606 0.154337 0.023045 0.011054
0 0.546788 0.172194 0.093575 0.046769
0 0.284916 0.527636 0.382682 0.757653
0 0.730447 0.539116 0.304469 0.789116
0 0.802723 0.119048 0.003492 0.003401
0 0.763617 0.126701 0.027235 0.027211
0 0.718575 0.113095 0.054469 0.062925
0 0.765712 0.079932 0.007682 0.003401
0 0.271299 0.088010 0.050978 0.043367