0 0.855263 0.837366 0.008224 0.034946
0 0.173931 0.686156 0.004112 0.004032
0 0.169819 0.678091 0.004112 0.004032
0 0.689556 0.639113 0.004112 0.004032
0 0.747944 0.711022 0.137336 0.188172
0 0.677632 0.540995 0.011513 0.012097
0 0.144326 0.571909 0.086349 0.081989
0 0.646382 0.140457 0.019737 0.014785
0 0.695312 0.394489 0.336349 0.530914
0 0.328125 0.447581 0.312500 0.637097
0 0.312500 0.105511 0.062500 0.038978
0 0.622944 0.097446 0.058388 0.047043
0 0.470806 0.060484 0.012336 0.010753
0 0.459293 0.055108 0.004112 0.008065
0 0.880757 0.036962 0.019737 0.020161