0 0.871250 0.883333 0.007500 0.020000
0 0.862500 0.768333 0.015000 0.036667
0 0.365000 0.765000 0.065000 0.070000
0 0.148750 0.675000 0.007500 0.023333
0 0.845000 0.675000 0.020000 0.050000
0 0.220000 0.805000 0.075000 0.310000
0 0.823750 0.593333 0.022500 0.040000
0 0.246250 0.591667 0.032500 0.050000
0 0.151250 0.608333 0.012500 0.090000
0 0.261250 0.518333 0.022500 0.036667
0 0.102500 0.541667 0.110000 0.276667
0 0.923750 0.386667 0.037500 0.100000
0 0.395000 0.230000 0.015000 0.013333
0 0.286250 0.218333 0.042500 0.056667