0 0.447340 0.968907 0.027660 0.015704
0 0.521543 0.964824 0.019681 0.023869
0 0.525532 0.849560 0.011702 0.027010
0 0.539096 0.716709 0.015426 0.074121
0 0.189362 0.511621 0.011702 0.008166
0 0.217021 0.488379 0.011702 0.015704
0 0.128723 0.335741 0.023404 0.054648
0 0.536968 0.255653 0.003723 0.003769
0 0.218883 0.250000 0.015426 0.015075
0 0.036968 0.232412 0.003723 0.003769
0 0.331915 0.402324 0.382979 0.554648
0 0.281383 0.146671 0.117021 0.082286
0 0.146543 0.162060 0.199468 0.175879
0 0.724468 0.337940 0.355319 0.574121
0 0.105585 0.058731 0.015426 0.015704
0 0.460904 0.105214 0.125000 0.125000
0 0.234309 0.047111 0.054787 0.031407