0 0.951172 0.771291 0.003906 0.004121
0 0.931641 0.732143 0.042969 0.065934
0 0.974609 0.517170 0.003906 0.004121
0 0.947266 0.607830 0.082031 0.207418
0 0.986328 0.504121 0.003906 0.008242
0 0.970703 0.482830 0.003906 0.004121
0 0.955078 0.484203 0.011719 0.015110
0 0.953125 0.375000 0.031250 0.140110
0 0.951172 0.298764 0.003906 0.004121
0 0.939453 0.271291 0.027344 0.042582
0 0.187500 0.254121 0.015625 0.016484
0 0.687500 0.458791 0.289062 0.582418
0 0.962891 0.160027 0.042969 0.039835
0 0.267578 0.502060 0.363281 0.737637
0 0.685547 0.029533 0.003906 0.004121
0 0.679688 0.032967 0.007812 0.010989