0 0.757812 0.976491 0.015625 0.014908
0 0.619026 0.964450 0.098346 0.055046
0 0.798713 0.954702 0.051471 0.058486
0 0.523438 0.937500 0.054228 0.079128
0 0.341912 0.935206 0.066176 0.097477
0 0.212776 0.935206 0.074449 0.113532
0 0.920037 0.834289 0.003676 0.003440
0 0.951287 0.799312 0.020221 0.027523
0 0.923713 0.797018 0.027574 0.061927
0 0.035386 0.828555 0.015625 0.125000
0 0.570312 0.742546 0.032169 0.030963
0 0.031250 0.724771 0.007353 0.027523
0 0.703125 0.771216 0.110294 0.269495
0 0.665901 0.581995 0.019301 0.014908
0 0.154412 0.337729 0.003676 0.003440
0 0.156250 0.323968 0.007353 0.008028
0 0.134651 0.314220 0.011949 0.011468
0 0.050551 0.387041 0.055147 0.336009
0 0.318474 0.392775 0.324449 0.668578
0 0.730239 0.370986 0.296875 0.702982