0 0.412500 0.756667 0.020000 0.046667
0 0.400000 0.726667 0.010000 0.006667
0 0.403750 0.716667 0.002500 0.006667
0 0.235000 0.815000 0.125000 0.263333
0 0.240000 0.636667 0.010000 0.013333
0 0.072500 0.611667 0.020000 0.043333
0 0.410000 0.596667 0.030000 0.066667
0 0.803750 0.675000 0.082500 0.396667
0 0.291250 0.520000 0.122500 0.173333
0 0.476250 0.278333 0.007500 0.030000
0 0.357500 0.318333 0.120000 0.170000
0 0.320000 0.188333 0.015000 0.023333
0 0.570000 0.188333 0.025000 0.036667
0 0.776250 0.028333 0.062500 0.050000