0 0.095588 0.977679 0.018908 0.019643
0 0.035189 0.966964 0.015756 0.033929
0 0.978466 0.861607 0.003151 0.012500
0 0.824055 0.771429 0.015756 0.028571
0 0.074055 0.818750 0.078782 0.230357
0 0.091912 0.656250 0.019958 0.055357
0 0.755777 0.570536 0.011555 0.048214
0 0.103466 0.357143 0.011555 0.042857
0 0.890756 0.585714 0.172269 0.571429
0 0.693277 0.306250 0.004202 0.012500
0 0.877101 0.250000 0.050420 0.125000
0 0.261555 0.535714 0.186975 0.703571
0 0.582458 0.175893 0.070378 0.055357
0 0.748424 0.235714 0.129202 0.246429
0 0.886555 0.031250 0.031513 0.030357