0 0.482399 0.963009 0.019557 0.035744
0 0.677966 0.926018 0.152542 0.109726
0 0.086050 0.869077 0.007823 0.019119
0 0.378748 0.767249 0.007823 0.011638
0 0.898305 0.718620 0.007823 0.030756
0 0.855280 0.810474 0.117340 0.237739
0 0.523468 0.513300 0.023468 0.027431
0 0.486310 0.511638 0.019557 0.030756
0 0.560626 0.482544 0.019557 0.050707
0 0.486310 0.273483 0.011734 0.008313
0 0.490222 0.257689 0.011734 0.008313
0 0.492177 0.234414 0.023468 0.014963
0 0.230443 0.486284 0.312256 0.723192
0 0.687419 0.396093 0.421773 0.597672