0 0.043064 0.962963 0.023628 0.034722
0 0.589939 0.788773 0.062500 0.156250
0 0.560595 0.683449 0.003811 0.008102
0 0.876905 0.671875 0.011433 0.015046
0 0.863186 0.501736 0.023628 0.059028
0 0.076220 0.288773 0.035061 0.047454
0 0.550686 0.361111 0.093750 0.300926
0 0.058689 0.206597 0.007622 0.008102
0 0.693216 0.216435 0.043445 0.050926
0 0.205030 0.191551 0.004573 0.008102
0 0.570503 0.184028 0.148628 0.101852
0 0.661966 0.125000 0.011433 0.006944
0 0.839558 0.234375 0.211128 0.313657
0 0.312500 0.517361 0.265244 0.942130
0 0.566311 0.078125 0.132622 0.093750
0 0.546875 0.015625 0.016006 0.008102