0 0.123239 0.515899 0.198944 0.492325
0 0.040933 0.244518 0.020246 0.019737
0 0.798856 0.466557 0.206866 0.496711
0 0.757923 0.207237 0.022887 0.030702
0 0.802817 0.168311 0.003521 0.007675
0 0.959067 0.148575 0.020246 0.023026
0 0.335827 0.484649 0.382923 0.695175
0 0.066461 0.093750 0.039613 0.023026
0 0.117518 0.080044 0.007923 0.010965
0 0.134683 0.064693 0.003521 0.004386
0 0.121039 0.066338 0.007923 0.007675
0 0.136884 0.056469 0.007923 0.003289
0 0.261884 0.029605 0.007923 0.004386
0 0.193222 0.032895 0.097711 0.050439
0 0.691461 0.138706 0.242077 0.268640