0 0.178750 0.818333 0.027500 0.050000
0 0.666250 0.735000 0.012500 0.016667
0 0.692500 0.726667 0.020000 0.013333
0 0.672500 0.690000 0.015000 0.020000
0 0.197500 0.728333 0.035000 0.103333
0 0.705000 0.675000 0.005000 0.003333
0 0.738750 0.683333 0.032500 0.033333
0 0.778750 0.565000 0.002500 0.003333
0 0.240000 0.573333 0.065000 0.040000
0 0.347500 0.516667 0.210000 0.320000
0 0.353750 0.326667 0.012500 0.020000
0 0.306250 0.330000 0.067500 0.033333
0 0.618750 0.216667 0.002500 0.006667
0 0.296250 0.250000 0.032500 0.073333
0 0.316250 0.168333 0.022500 0.030000
0 0.435000 0.246667 0.060000 0.226667
0 0.716250 0.380000 0.207500 0.540000
0 0.398750 0.086667 0.007500 0.006667