0 0.189484 0.916284 0.019180 0.082569
0 0.205026 0.861239 0.003968 0.004587
0 0.792989 0.783257 0.046296 0.066514
0 0.828042 0.551032 0.015873 0.024083
0 0.802910 0.437500 0.019841 0.053899
0 0.154101 0.362959 0.003968 0.008028
0 0.742063 0.361239 0.023810 0.027523
0 0.582011 0.314220 0.007937 0.027523
0 0.916005 0.197248 0.050265 0.066514
0 0.833995 0.126720 0.003968 0.003440
0 0.708995 0.246560 0.183862 0.250000
0 0.134921 0.205275 0.167989 0.183486
0 0.345569 0.451261 0.308862 0.707569
0 0.779101 0.033257 0.011905 0.004587