0 0.904219 0.928086 0.020055 0.034985
0 0.908368 0.880466 0.011757 0.019436
0 0.091978 0.900389 0.027663 0.074830
0 0.912172 0.861030 0.004149 0.003887
0 0.853734 0.867347 0.073997 0.063168
0 0.824343 0.328474 0.015214 0.031098
0 0.488243 0.267250 0.015214 0.042760
0 0.232365 0.193392 0.027663 0.058309
0 0.736515 0.496113 0.355463 0.718173
0 0.605463 0.162293 0.039419 0.066084
0 0.298755 0.490282 0.426003 0.737609
0 0.363416 0.083576 0.007607 0.003887
0 0.622752 0.031098 0.011757 0.007775
0 0.709198 0.033042 0.035270 0.058309