0 0.125000 0.966779 0.014970 0.028153
0 0.169910 0.920045 0.004491 0.004505
0 0.177769 0.836149 0.003743 0.007883
0 0.181512 0.826014 0.003743 0.003378
0 0.193114 0.806306 0.019461 0.027027
0 0.169910 0.345721 0.050898 0.042793
0 0.369012 0.247748 0.011976 0.011261
0 0.320359 0.497748 0.296407 0.659910
0 0.480539 0.177928 0.077844 0.042793
0 0.439371 0.138514 0.011976 0.011261
0 0.407934 0.140766 0.019461 0.015766
0 0.691243 0.444820 0.273204 0.632883
0 0.763847 0.140766 0.035180 0.038288
0 0.294910 0.097973 0.184132 0.148649