0 0.466639 0.980256 0.004119 0.007471
0 0.447282 0.972785 0.042834 0.016009
0 0.404036 0.929562 0.035420 0.023479
0 0.591433 0.945571 0.105437 0.070438
0 0.412273 0.853255 0.066722 0.058698
0 0.562603 0.745998 0.023064 0.046958
0 0.871087 0.820171 0.078254 0.250800
0 0.558484 0.654749 0.008237 0.011740
0 0.595552 0.622732 0.011532 0.011740
0 0.884679 0.646745 0.034596 0.089648
0 0.550659 0.562433 0.015651 0.023479
0 0.552718 0.477054 0.034596 0.046958
0 0.584020 0.445571 0.019769 0.030950
0 0.701400 0.283351 0.331960 0.410886
0 0.255766 0.529349 0.386326 0.909285
0 0.693575 0.037353 0.042834 0.019210