0 0.148473 0.896320 0.015271 0.027453
0 0.832014 0.371495 0.007919 0.008178
0 0.458993 0.335864 0.003959 0.008178
0 0.521493 0.224591 0.011312 0.019276
0 0.513575 0.175818 0.050905 0.046729
0 0.302885 0.478680 0.339932 0.699182
0 0.156391 0.113318 0.023190 0.015187
0 0.275452 0.109521 0.027149 0.032126
0 0.501980 0.080023 0.011878 0.011682
0 0.521493 0.072138 0.011312 0.004089
0 0.681844 0.066589 0.011878 0.007009
0 0.287048 0.068341 0.019796 0.019860
0 0.849548 0.109521 0.121041 0.109229
0 0.771493 0.052862 0.003394 0.004089
0 0.498020 0.038843 0.011878 0.015771
0 0.732466 0.423773 0.355204 0.816005
0 0.755939 0.013727 0.003959 0.004089
0 0.767817 0.005841 0.003959 0.003505