0 0.884572 0.711066 0.003378 0.016393
0 0.078266 0.656762 0.007883 0.030738
0 0.876689 0.596311 0.003378 0.012295
0 0.876689 0.584016 0.003378 0.004098
0 0.148649 0.579918 0.015766 0.036885
0 0.034910 0.611680 0.031532 0.104508
0 0.136824 0.464139 0.030405 0.047131
0 0.175676 0.476434 0.054054 0.079918
0 0.160473 0.428279 0.007883 0.012295
0 0.173986 0.379098 0.012387 0.032787
0 0.185811 0.350410 0.004505 0.004098
0 0.218468 0.368852 0.047297 0.073770
0 0.243806 0.273566 0.034910 0.079918
0 0.304617 0.202869 0.086712 0.077869
0 0.113176 0.353484 0.156532 0.403689