0 0.816086 0.724702 0.023566 0.026786
0 0.548668 0.680060 0.050205 0.062500
0 0.826332 0.671875 0.019467 0.063988
0 0.808914 0.593750 0.015369 0.014881
0 0.790984 0.623512 0.034836 0.074405
0 0.793033 0.556548 0.016393 0.026786
0 0.879098 0.429315 0.038934 0.078869
0 0.730533 0.363095 0.047131 0.047619
0 0.738217 0.316220 0.015369 0.016369
0 0.763832 0.296875 0.027664 0.046131
0 0.068135 0.269345 0.019467 0.023810
0 0.519467 0.244792 0.016393 0.019345
0 0.206967 0.226190 0.038934 0.086310
0 0.513832 0.170387 0.035861 0.043155
0 0.695184 0.211310 0.226434 0.211310
0 0.318135 0.492560 0.316598 0.836310
0 0.638832 0.070685 0.097336 0.069940
0 0.890881 0.185268 0.195697 0.340774