0 0.917500 0.733333 0.015000 0.086667
0 0.926250 0.635000 0.007500 0.010000
0 0.138750 0.690000 0.067500 0.153333
0 0.151250 0.586667 0.012500 0.026667
0 0.935000 0.585000 0.020000 0.063333
0 0.935000 0.423333 0.020000 0.033333
0 0.062500 0.348333 0.030000 0.070000
0 0.305000 0.343333 0.295000 0.273333
0 0.580000 0.203333 0.010000 0.013333
0 0.497500 0.213333 0.020000 0.033333
0 0.371250 0.183333 0.007500 0.006667
0 0.957500 0.055000 0.070000 0.063333
0 0.757500 0.018333 0.015000 0.003333
0 0.325000 0.016667 0.055000 0.026667