0 0.402372 0.872713 0.054745 0.035061
0 0.564325 0.750000 0.073905 0.070122
0 0.541058 0.665396 0.027372 0.019817
0 0.585766 0.654726 0.031022 0.019817
0 0.380931 0.618902 0.004562 0.003049
0 0.400091 0.619665 0.011861 0.019817
0 0.511405 0.593750 0.015511 0.016768
0 0.410128 0.566311 0.008212 0.007622
0 0.458942 0.537348 0.003650 0.004573
0 0.445255 0.536585 0.016423 0.012195
0 0.396442 0.535061 0.004562 0.024390
0 0.489964 0.519055 0.003650 0.007622
0 0.732664 0.509909 0.003650 0.004573
0 0.373175 0.527439 0.020073 0.039634
0 0.300639 0.523628 0.327555 0.772866
0 0.654197 0.525152 0.308394 0.815549
0 0.929288 0.259909 0.125000 0.294207
0 0.298814 0.115091 0.004562 0.004573
0 0.613139 0.118902 0.023723 0.027439
0 0.291058 0.103659 0.010949 0.012195