0 0.372905 0.922297 0.011173 0.015766
0 0.395950 0.914414 0.004190 0.009009
0 0.425978 0.913288 0.047486 0.015766
0 0.802374 0.720721 0.004190 0.004505
0 0.418296 0.679054 0.023743 0.038288
0 0.779330 0.708333 0.058659 0.137387
0 0.445531 0.436937 0.125698 0.319820
0 0.372905 0.236486 0.002793 0.004505
0 0.355447 0.170045 0.015363 0.020270
0 0.421788 0.181306 0.078212 0.065315
0 0.220670 0.308559 0.215084 0.382883
0 0.378492 0.059685 0.030726 0.042793
0 0.769553 0.310811 0.265363 0.581081
0 0.266061 0.052928 0.180168 0.083333