0 0.578378 0.962766 0.023423 0.034954
0 0.152252 0.931611 0.039640 0.106383
0 0.484234 0.874620 0.008108 0.007599
0 0.212613 0.822188 0.019820 0.027356
0 0.386937 0.777356 0.054955 0.037994
0 0.830180 0.832067 0.105405 0.211246
0 0.831982 0.707447 0.015315 0.031915
0 0.650450 0.705167 0.183784 0.395137
0 0.568468 0.493921 0.003604 0.003040
0 0.568468 0.486322 0.003604 0.003040
0 0.786937 0.222644 0.011712 0.022796
0 0.265766 0.154255 0.007207 0.004559
0 0.318018 0.470365 0.347748 0.776596
0 0.716667 0.345745 0.222523 0.536474