0 0.156250 0.927817 0.008413 0.035211
0 0.161959 0.900528 0.004207 0.003521
0 0.872897 0.679577 0.051082 0.140845
0 0.822416 0.632923 0.019832 0.054577
0 0.798678 0.573944 0.012019 0.015845
0 0.845553 0.406250 0.027644 0.110035
0 0.945312 0.218750 0.024038 0.030810
0 0.957031 0.180018 0.016226 0.007923
0 0.953125 0.150088 0.039663 0.027289
0 0.757812 0.198944 0.171875 0.211268
0 0.513822 0.099912 0.058894 0.027289
0 0.478666 0.066461 0.004207 0.007923
0 0.259916 0.091989 0.035457 0.058979
0 0.335938 0.459067 0.602163 0.824824