0 0.884752 0.769366 0.035461 0.116197
0 0.775266 0.685739 0.050532 0.051056
0 0.857270 0.611796 0.035461 0.058099
0 0.795213 0.580106 0.058511 0.075704
0 0.072252 0.450704 0.004433 0.003521
0 0.800532 0.474472 0.093972 0.075704
0 0.060727 0.441901 0.011525 0.031690
0 0.078014 0.429577 0.015957 0.024648
0 0.152482 0.396127 0.023050 0.042254
0 0.070035 0.261444 0.015957 0.022887
0 0.042996 0.339789 0.039894 0.179577
0 0.072252 0.187500 0.011525 0.015845
0 0.710993 0.088028 0.007092 0.003521
0 0.728280 0.230634 0.199468 0.345070
0 0.740248 0.062500 0.081560 0.117958
0 0.329787 0.492077 0.324468 0.977113