0 0.800893 0.640625 0.007738 0.016250
0 0.826190 0.644375 0.011905 0.031250
0 0.818452 0.619062 0.003571 0.004375
0 0.802679 0.554688 0.011310 0.015625
0 0.693452 0.226562 0.011905 0.015625
0 0.081845 0.170000 0.007738 0.003750
0 0.175893 0.500000 0.273214 0.672500
0 0.904167 0.154375 0.058333 0.051250
0 0.843750 0.099687 0.016071 0.011875
0 0.769643 0.084062 0.023810 0.011875
0 0.724702 0.080000 0.004167 0.003750
0 0.869048 0.072188 0.003571 0.004375
0 0.591667 0.325937 0.417857 0.511875
0 0.861310 0.064687 0.003571 0.011875
0 0.806548 0.080000 0.051190 0.058750