0 0.318369 0.507962 0.316315 0.429936
0 0.872946 0.251990 0.027582 0.050159
0 0.872946 0.220939 0.004108 0.003981
0 0.476526 0.201035 0.008216 0.003981
0 0.326291 0.175955 0.011737 0.007962
0 0.312500 0.173965 0.007629 0.003981
0 0.674002 0.462978 0.363263 0.589968
0 0.267606 0.158041 0.019953 0.019904
0 0.394660 0.222930 0.148474 0.171975
0 0.318369 0.144506 0.027582 0.015127
0 0.328052 0.123010 0.015258 0.019904
0 0.333920 0.078025 0.011737 0.007962
0 0.283451 0.082006 0.011737 0.015924
0 0.786972 0.146099 0.176056 0.167994
0 0.726526 0.035032 0.031690 0.023885