0 0.355208 0.962798 0.031250 0.026786
0 0.160069 0.943452 0.015972 0.027778
0 0.775347 0.888889 0.035417 0.035714
0 0.687500 0.917659 0.133333 0.140873
0 0.568403 0.801091 0.020139 0.046627
0 0.564583 0.726687 0.019444 0.046627
0 0.078125 0.279762 0.007639 0.003968
0 0.269444 0.222222 0.008333 0.007937
0 0.255903 0.220238 0.003472 0.003968
0 0.121181 0.224206 0.007639 0.011905
0 0.285417 0.531250 0.273611 0.647817
0 0.122917 0.211310 0.004167 0.007937
0 0.078125 0.222718 0.031250 0.054563
0 0.128819 0.183532 0.015972 0.015873
0 0.335764 0.183532 0.015972 0.023810
0 0.273611 0.187500 0.038889 0.047619
0 0.209028 0.178075 0.081944 0.074405
0 0.880903 0.150298 0.065972 0.066468
0 0.275347 0.121032 0.011806 0.023810
0 0.138889 0.111111 0.004167 0.003968
0 0.822222 0.105655 0.027778 0.038690
0 0.699306 0.461310 0.359722 0.757937
0 0.787153 0.091766 0.027083 0.034722