0 0.976366 0.681962 0.007353 0.012658
0 0.959034 0.650316 0.004202 0.003165
0 0.933298 0.654272 0.038866 0.036392
0 0.054622 0.490506 0.008403 0.003165
0 0.923845 0.493671 0.003151 0.018987
0 0.914391 0.429589 0.038866 0.093354
0 0.869223 0.359177 0.019958 0.031646
0 0.949055 0.292722 0.024160 0.069620
0 0.927521 0.242880 0.004202 0.007911
0 0.175945 0.232595 0.078782 0.104430
0 0.696954 0.174051 0.019958 0.018987
0 0.576155 0.163766 0.089286 0.061709
0 0.271534 0.455696 0.316176 0.667722
0 0.056723 0.033228 0.050420 0.060127