0 0.669913 0.970686 0.003608 0.004290
0 0.593795 0.966873 0.015873 0.019542
0 0.718795 0.951144 0.031385 0.043375
0 0.523449 0.939466 0.069986 0.066730
0 0.597583 0.890610 0.070346 0.086273
0 0.216811 0.872974 0.199134 0.152050
0 0.615260 0.796949 0.081890 0.046711
0 0.136724 0.763584 0.007937 0.011439
0 0.152237 0.742135 0.007937 0.007626
0 0.136724 0.732364 0.007937 0.011916
0 0.173882 0.710915 0.011544 0.015729
0 0.150433 0.199237 0.011544 0.015253
0 0.316558 0.484271 0.343795 0.687321
0 0.738276 0.494042 0.366883 0.738322
0 0.718795 0.076263 0.062410 0.027645
0 0.136724 0.066492 0.007937 0.015729