0 0.098750 0.841667 0.007500 0.016667
0 0.930000 0.715000 0.015000 0.016667
0 0.955000 0.701667 0.010000 0.010000
0 0.808750 0.653333 0.017500 0.046667
0 0.921250 0.541667 0.007500 0.010000
0 0.916250 0.523333 0.002500 0.006667
0 0.958750 0.595000 0.057500 0.183333
0 0.937500 0.483333 0.005000 0.006667
0 0.941250 0.446667 0.007500 0.020000
0 0.947500 0.405000 0.010000 0.043333
0 0.951250 0.358333 0.017500 0.043333
0 0.668750 0.451667 0.242500 0.523333
0 0.960000 0.165000 0.020000 0.016667
0 0.273750 0.480000 0.342500 0.693333
0 0.680000 0.035000 0.025000 0.023333