0 0.169890 0.918056 0.004144 0.008333
0 0.847721 0.912037 0.015884 0.042593
0 0.142610 0.902315 0.050414 0.149074
0 0.142610 0.714815 0.020028 0.038889
0 0.154351 0.609259 0.043508 0.133333
0 0.177831 0.540741 0.003453 0.003704
0 0.716851 0.517593 0.254144 0.620370
0 0.804558 0.163889 0.062155 0.062963
0 0.581837 0.162037 0.039365 0.066667
0 0.283149 0.529167 0.425414 0.800926
0 0.289365 0.140741 0.023481 0.031481
0 0.693370 0.144444 0.034530 0.062963
0 0.765539 0.076389 0.015884 0.019444
0 0.730663 0.035185 0.117403 0.070370
0 0.338052 0.044907 0.073895 0.089815