0 0.746071 0.751866 0.203571 0.317164
0 0.671786 0.582090 0.023571 0.014925
0 0.775357 0.580224 0.027857 0.035448
0 0.797143 0.542910 0.015714 0.024254
0 0.900357 0.478545 0.043571 0.089552
0 0.654286 0.427705 0.011429 0.012127
0 0.724643 0.463153 0.120714 0.191231
0 0.726786 0.341884 0.023571 0.027052
0 0.052857 0.322295 0.058571 0.097948
0 0.667857 0.291045 0.164286 0.182836
0 0.308571 0.525653 0.328571 0.762127
0 0.306786 0.144590 0.012143 0.024254
0 0.312500 0.123134 0.007857 0.003731
0 0.750000 0.127332 0.031429 0.019590
0 0.718929 0.021455 0.007857 0.003731