0 0.131016 0.968672 0.003565 0.007519
0 0.724599 0.924185 0.003565 0.003759
0 0.713012 0.924185 0.003565 0.003759
0 0.808824 0.790727 0.054367 0.042607
0 0.644831 0.767544 0.031194 0.036341
0 0.877005 0.804511 0.074866 0.210526
0 0.722816 0.679825 0.046346 0.038847
0 0.857398 0.573935 0.019608 0.055138
0 0.615419 0.699248 0.136364 0.350877
0 0.785205 0.478697 0.023173 0.027569
0 0.595811 0.456767 0.027629 0.031328
0 0.566399 0.460526 0.024064 0.038847
0 0.558824 0.386591 0.016043 0.038847
0 0.827986 0.325815 0.016043 0.035088
0 0.161765 0.166040 0.050802 0.018797
0 0.900624 0.164160 0.027629 0.022556
0 0.281194 0.548872 0.359180 0.824561
0 0.701426 0.279449 0.285205 0.426065
0 0.168004 0.046992 0.008021 0.008772
0 0.707219 0.039474 0.015152 0.023810