0 0.257576 0.619186 0.007576 0.002907
0 0.234375 0.627180 0.031250 0.018895
0 0.968750 0.523256 0.015152 0.046512
0 0.334280 0.494186 0.003788 0.002907
0 0.089962 0.548692 0.039773 0.120640
0 0.845644 0.525436 0.043561 0.152616
0 0.113163 0.282703 0.008523 0.004360
0 0.794981 0.276890 0.019886 0.039244
0 0.943655 0.236192 0.027462 0.027616
0 0.943182 0.193314 0.003788 0.002907
0 0.240530 0.417878 0.238636 0.507267
0 0.943182 0.165698 0.003788 0.011628
0 0.548769 0.157703 0.019886 0.027616
0 0.740057 0.183866 0.105114 0.109012
0 0.923769 0.156250 0.035038 0.071221