0 0.820228 0.845588 0.023522 0.051471
0 0.771505 0.822304 0.004032 0.004902
0 0.122984 0.595588 0.004032 0.004902
0 0.101478 0.620711 0.038978 0.055147
0 0.954973 0.611520 0.043011 0.058824
0 0.036962 0.560662 0.004032 0.003676
0 0.888441 0.429534 0.004032 0.008578
0 0.793011 0.593750 0.125000 0.344363
0 0.092070 0.314338 0.004032 0.003676
0 0.925739 0.314338 0.007392 0.011029
0 0.911962 0.327819 0.081989 0.101716
0 0.892809 0.267770 0.019489 0.028186
0 0.105511 0.408088 0.141129 0.323529
0 0.185484 0.250000 0.051075 0.046569
0 0.138777 0.150735 0.011425 0.019608
0 0.325941 0.511642 0.293011 0.758578
0 0.170027 0.175858 0.051075 0.094363
0 0.907930 0.199142 0.129032 0.180147
0 0.691196 0.275735 0.351478 0.473039