0 0.962379 0.650493 0.050971 0.044408
0 0.880461 0.657895 0.066748 0.098684
0 0.924150 0.607730 0.105583 0.090461
0 0.052791 0.495888 0.059466 0.116776
0 0.974515 0.437500 0.004854 0.006579
0 0.925971 0.406250 0.007282 0.006579
0 0.935073 0.392270 0.003641 0.004934
0 0.939927 0.388980 0.003641 0.004934
0 0.872573 0.373355 0.050971 0.082237
0 0.918083 0.343750 0.030340 0.046053
0 0.927791 0.296875 0.010922 0.014803
0 0.953277 0.258224 0.015777 0.016447
0 0.775485 0.196546 0.026699 0.050987
0 0.812500 0.140625 0.015777 0.024671
0 0.379248 0.509868 0.523058 0.825658