0 0.847572 0.845679 0.015288 0.018519
0 0.767536 0.787037 0.144784 0.277778
0 0.830036 0.636574 0.019784 0.038580
0 0.911871 0.542438 0.003597 0.007716
0 0.849820 0.511574 0.003597 0.007716
0 0.928058 0.404321 0.019784 0.033951
0 0.902428 0.345679 0.015288 0.018519
0 0.946942 0.344136 0.019784 0.086420
0 0.943345 0.236111 0.012590 0.018519
0 0.950989 0.209105 0.011691 0.020062
0 0.960881 0.173611 0.015288 0.035494
0 0.536871 0.164352 0.019784 0.023148
0 0.675809 0.166667 0.047662 0.043210
0 0.222572 0.566358 0.312050 0.842593
0 0.761691 0.170525 0.039568 0.081790
0 0.966727 0.047068 0.026978 0.047840