0 0.839623 0.941213 0.015723 0.063119
0 0.849450 0.783416 0.003931 0.019802
0 0.867138 0.427599 0.031447 0.043317
0 0.820362 0.413985 0.030660 0.030941
0 0.931997 0.371287 0.003931 0.007426
0 0.931997 0.359530 0.003931 0.008663
0 0.785377 0.318069 0.007862 0.027228
0 0.119104 0.175743 0.003931 0.007426
0 0.970519 0.155941 0.003931 0.007426
0 0.136792 0.160272 0.015723 0.030941
0 0.281053 0.480198 0.319969 0.750000
0 0.644654 0.250000 0.226415 0.297030
0 0.126965 0.097772 0.011792 0.014851
0 0.142689 0.093441 0.019654 0.030941