0 0.834020 0.963050 0.043657 0.058934
0 0.500000 0.951356 0.023064 0.050514
0 0.501647 0.846118 0.011532 0.019645
0 0.138797 0.838167 0.004119 0.003742
0 0.421746 0.783442 0.023064 0.019645
0 0.771417 0.710945 0.043657 0.046773
0 0.728583 0.683817 0.012356 0.007484
0 0.718699 0.624883 0.023888 0.039289
0 0.626853 0.543031 0.011532 0.008419
0 0.615321 0.726848 0.128501 0.538821
0 0.581960 0.415809 0.015651 0.058934
0 0.769769 0.488307 0.383031 0.725912
0 0.730643 0.126754 0.008237 0.012161
0 0.279242 0.478485 0.410214 0.730589
0 0.759885 0.085594 0.129325 0.062675